X	y
-1.000000000000000000e+01	-4.787227851904563014e-02
-9.949999999999999289e+00	-6.610547444974085307e-02
-9.899999999999998579e+00	-8.638346254288917225e-02
-9.849999999999997868e+00	-1.087204186620149837e-01
-9.799999999999997158e+00	-1.331213068783444475e-01
-9.749999999999996447e+00	-1.595931580697851904e-01
-9.699999999999995737e+00	-1.881380229317565767e-01
-9.649999999999995026e+00	-2.187536008870749615e-01
-9.599999999999994316e+00	-2.514347019261710670e-01
-9.549999999999993605e+00	-2.861729774952453953e-01
-9.499999999999992895e+00	-3.229563260781644907e-01
-9.449999999999992184e+00	-3.617680357969000893e-01
-9.399999999999991473e+00	-4.025893235505010326e-01
-9.349999999999990763e+00	-4.453978485342186544e-01
-9.299999999999990052e+00	-4.901667210667647323e-01
-9.249999999999989342e+00	-5.368676267417085146e-01
-9.199999999999988631e+00	-5.854655797674932494e-01
-9.149999999999987921e+00	-6.359257754759937153e-01
-9.099999999999987210e+00	-6.882078682442294149e-01
-9.049999999999986500e+00	-7.422695895962403423e-01
-8.999999999999985789e+00	-7.980642720628241538e-01
-8.949999999999985079e+00	-8.555435257959845829e-01
-8.899999999999984368e+00	-9.146547163730559538e-01
-8.849999999999983658e+00	-9.753428412169977690e-01
-8.799999999999982947e+00	-1.037549925632717196e+00
-8.749999999999982236e+00	-1.101215906283370849e+00
-8.699999999999981526e+00	-1.166277596546190898e+00
-8.649999999999980815e+00	-1.232669212122457170e+00
-8.599999999999980105e+00	-1.300320657539226099e+00
-8.549999999999979394e+00	-1.369164100690860364e+00
-8.499999999999978684e+00	-1.439124752252350481e+00
-8.449999999999977973e+00	-1.510128907800547093e+00
-8.399999999999977263e+00	-1.582099404846422752e+00
-8.349999999999976552e+00	-1.654958546204477798e+00
-8.299999999999975842e+00	-1.728624422673259220e+00
-8.249999999999975131e+00	-1.803016574297364505e+00
-8.199999999999974420e+00	-1.878050915847415014e+00
-8.149999999999973710e+00	-1.953643507595818951e+00
-8.099999999999972999e+00	-2.029709788249216551e+00
-8.049999999999972289e+00	-2.106161662649713939e+00
-7.999999999999971578e+00	-2.182911803376273774e+00
-7.949999999999970868e+00	-2.259873719748885179e+00
-7.899999999999970157e+00	-2.336958034157945008e+00
-7.849999999999969447e+00	-2.414075863174155678e+00
-7.799999999999968736e+00	-2.491138251586280994e+00
-7.749999999999968026e+00	-2.568057266844361752e+00
-7.699999999999967315e+00	-2.644742194884595943e+00
-7.649999999999966604e+00	-2.721105697610410434e+00
-7.599999999999965894e+00	-2.797058970916653120e+00
-7.549999999999965183e+00	-2.872514194491238460e+00
-7.499999999999964473e+00	-2.947384112490381014e+00
-7.449999999999963762e+00	-3.021582585342896365e+00
-7.399999999999963052e+00	-3.095025944412556296e+00
-7.349999999999962341e+00	-3.167627797358622210e+00
-7.299999999999961631e+00	-3.239306517536309826e+00
-7.249999999999960920e+00	-3.309980189540777662e+00
-7.199999999999960210e+00	-3.379569489045999298e+00
-7.149999999999959499e+00	-3.447995718269443177e+00
-7.099999999999958789e+00	-3.515181170543747236e+00
-7.049999999999958078e+00	-3.581053244402277347e+00
-6.999999999999957367e+00	-3.645537267416782967e+00
-6.949999999999956657e+00	-3.708564195561821375e+00
-6.899999999999955946e+00	-3.770063828877408874e+00
-6.849999999999955236e+00	-3.829970870002760375e+00
-6.799999999999954525e+00	-3.888221911126492625e+00
-6.749999999999953815e+00	-3.944753666416469962e+00
-6.699999999999953104e+00	-3.999508904281945831e+00
-6.649999999999952394e+00	-4.052429938224265449e+00
-6.599999999999951683e+00	-4.103463132225869003e+00
-6.549999999999950973e+00	-4.152558626612018244e+00
-6.499999999999950262e+00	-4.199666113196805384e+00
-6.449999999999949551e+00	-4.244741666047589845e+00
-6.399999999999948841e+00	-4.287741340793732370e+00
-6.349999999999948130e+00	-4.328625943597737447e+00
-6.299999999999947420e+00	-4.367357900711716923e+00
-6.249999999999946709e+00	-4.403903984930811255e+00
-6.199999999999945999e+00	-4.438231203897474053e+00
-6.149999999999945288e+00	-4.470312984626778174e+00
-6.099999999999944578e+00	-4.500123211390157252e+00
-6.049999999999943867e+00	-4.527639734721223164e+00
-5.999999999999943157e+00	-4.552842690640748202e+00
-5.949999999999942446e+00	-4.575715788937031903e+00
-5.899999999999941735e+00	-4.596244716447565715e+00
-5.849999999999941025e+00	-4.614419569461063908e+00
-5.799999999999940314e+00	-4.630231519986594435e+00
-5.749999999999939604e+00	-4.643676051161056861e+00
-5.699999999999938893e+00	-4.654749426423476777e+00
-5.649999999999938183e+00	-4.663453788773630926e+00
-5.599999999999937472e+00	-4.669790448106900804e+00
-5.549999999999936762e+00	-4.673766339705794692e+00
-5.499999999999936051e+00	-4.675388234614469951e+00
-5.449999999999935341e+00	-4.674667795519050983e+00
-5.399999999999934630e+00	-4.671618301987675359e+00
-5.349999999999933920e+00	-4.666254526502711109e+00
-5.299999999999933209e+00	-4.658594702848590785e+00
-5.249999999999932498e+00	-4.648659743665278121e+00
-5.199999999999931788e+00	-4.636471533738030892e+00
-5.149999999999931077e+00	-4.622054435891423729e+00
-5.099999999999930367e+00	-4.605435672877121078e+00
-5.049999999999929656e+00	-4.586642909406996260e+00
-4.999999999999928946e+00	-4.565707109213448689e+00
-4.949999999999928235e+00	-4.542661125414781509e+00
-4.899999999999927525e+00	-4.517538623039270895e+00
-4.849999999999926814e+00	-4.490375129408991306e+00
-4.799999999999926104e+00	-4.461209207060573334e+00
-4.749999999999925393e+00	-4.430078786876922692e+00
-4.699999999999924682e+00	-4.397024549963849616e+00
-4.649999999999923972e+00	-4.362088363505379540e+00
-4.599999999999923261e+00	-4.325313830695336037e+00
-4.549999999999922551e+00	-4.286744836528580294e+00
-4.499999999999921840e+00	-4.246426947196809465e+00
-4.449999999999921130e+00	-4.204406430826927554e+00
-4.399999999999920419e+00	-4.160731635554695274e+00
-4.349999999999919709e+00	-4.115450933157118740e+00
-4.299999999999918998e+00	-4.068613144684461780e+00
-4.249999999999918288e+00	-4.020268745779972619e+00
-4.199999999999917577e+00	-3.970468556300905227e+00
-4.149999999999916866e+00	-3.919263870138919970e+00
-4.099999999999916156e+00	-3.866707170522414749e+00
-4.049999999999915445e+00	-3.812850476868793415e+00
-3.999999999999914735e+00	-3.757747619905816627e+00
-3.949999999999914024e+00	-3.701451122091316215e+00
-3.899999999999913314e+00	-3.644014469385468580e+00
-3.849999999999912603e+00	-3.585492236830486235e+00
-3.799999999999911893e+00	-3.525938607933478686e+00
-3.749999999999911182e+00	-3.465407145605261974e+00
-3.699999999999910472e+00	-3.403952228340319408e+00
-3.649999999999909761e+00	-3.341627835338898844e+00
-3.599999999999909051e+00	-3.278488820702276207e+00
-3.549999999999908340e+00	-3.214588527341367019e+00
-3.499999999999907629e+00	-3.149981730652352763e+00
-3.449999999999906919e+00	-3.084720575595830461e+00
-3.399999999999906208e+00	-3.018859561138474312e+00
-3.349999999999905498e+00	-2.952451620287597223e+00
-3.299999999999904787e+00	-2.885548380896147513e+00
-3.249999999999904077e+00	-2.818203599985796615e+00
-3.199999999999903366e+00	-2.750467273171885552e+00
-3.149999999999902656e+00	-2.682391983921915468e+00
-3.099999999999901945e+00	-2.614027573164225515e+00
-3.049999999999901235e+00	-2.545423881788561715e+00
-2.999999999999900524e+00	-2.476630347195124315e+00
-2.949999999999899813e+00	-2.407695731430806063e+00
-2.899999999999899103e+00	-2.338667108059062638e+00
-2.849999999999898392e+00	-2.269592541683197684e+00
-2.799999999999897682e+00	-2.200517471937037950e+00
-2.749999999999896971e+00	-2.131486595968079989e+00
-2.699999999999896261e+00	-2.062545162921545661e+00
-2.649999999999895550e+00	-1.993736430403858284e+00
-2.599999999999894840e+00	-1.925101923656302505e+00
-2.549999999999894129e+00	-1.856683942775617213e+00
-2.499999999999893419e+00	-1.788521858406147746e+00
-2.449999999999892708e+00	-1.720655285141729385e+00
-2.399999999999891998e+00	-1.653121788161384886e+00
-2.349999999999891287e+00	-1.585958092529379915e+00
-2.299999999999890576e+00	-1.519200143838686845e+00
-2.249999999999889866e+00	-1.452882500196200022e+00
-2.199999999999889155e+00	-1.387037114420786477e+00
-2.149999999999888445e+00	-1.321697310562199412e+00
-2.099999999999887734e+00	-1.256892977094981489e+00
-2.049999999999887024e+00	-1.192652063145495767e+00
-1.999999999999886313e+00	-1.129004204793651267e+00
-1.949999999999885603e+00	-1.065975183889621647e+00
-1.899999999999884892e+00	-1.003589847867974338e+00
-1.849999999999884182e+00	-9.418720748839819468e-01
-1.799999999999883471e+00	-8.808449172202836852e-01
-1.749999999999882760e+00	-8.205277737541424310e-01
-1.699999999999882050e+00	-7.609416629750139771e-01
-1.649999999999881339e+00	-7.021036991956137729e-01
-1.599999999999880629e+00	-6.440314458942397735e-01
-1.549999999999879918e+00	-5.867394992032827217e-01
-1.499999999999879208e+00	-5.302421541141618677e-01
-1.449999999999878497e+00	-4.745519918987435304e-01
-1.399999999999877787e+00	-4.196802886364120466e-01
-1.349999999999877076e+00	-3.656364945890557827e-01
-1.299999999999876366e+00	-3.124293648606704110e-01
-1.249999999999875655e+00	-2.600667024602318911e-01
-1.199999999999874944e+00	-2.085536316601934725e-01
-1.149999999999874234e+00	-1.578948666268719103e-01
-1.099999999999873523e+00	-1.080947467414686836e-01
-1.049999999999872813e+00	-5.915406166243830643e-02
-9.999999999998721023e-01	-1.107605902432007294e-02
-9.499999999998713918e-01	3.614129858131354123e-02
-8.999999999998706812e-01	8.249749315765730895e-02
-8.499999999998699707e-01	1.279951070105961319e-01
-7.999999999998692601e-01	1.726373171664328243e-01
-7.499999999998685496e-01	2.164275337466489146e-01
-6.999999999998678391e-01	2.593707618017442318e-01
-6.499999999998671285e-01	3.014729709882748576e-01
-5.999999999998664180e-01	3.427398695045000832e-01
-5.499999999998657074e-01	3.831785320647467241e-01
-4.999999999998649969e-01	4.227961359619063497e-01
-4.499999999998642863e-01	4.616011544498730412e-01
-3.999999999998635758e-01	4.996029177932839183e-01
-3.499999999998628653e-01	5.368096180443782117e-01
-2.999999999998621547e-01	5.732308452734290460e-01
-2.499999999998614442e-01	6.088767766582334762e-01
-1.999999999998607336e-01	6.437567897381667459e-01
-1.499999999998600231e-01	6.778812227439550142e-01
-9.999999999985931254e-02	7.112603569139427373e-01
-4.999999999985860200e-02	7.439040444634021920e-01
1.421085471520200372e-13	7.758231614991134562e-01
5.000000000014281909e-02	8.070270562475942988e-01
1.000000000001435296e-01	8.375265796525390716e-01
1.500000000001442402e-01	8.673308112698702166e-01
2.000000000001449507e-01	8.964496104649046782e-01
2.500000000001456613e-01	9.248913246631871310e-01
3.000000000001463718e-01	9.526652600051823683e-01
3.500000000001470823e-01	9.797799216391285260e-01
4.000000000001477929e-01	1.006242566703161589e+00
4.500000000001485034e-01	1.032060986094063715e+00
5.000000000001492140e-01	1.057241158409348403e+00
5.500000000001499245e-01	1.081789428286322297e+00
6.000000000001506351e-01	1.105711213354410472e+00
6.500000000001513456e-01	1.129011316166740109e+00
7.000000000001520561e-01	1.151693777921590112e+00
7.500000000001527667e-01	1.173761065259053105e+00
8.000000000001534772e-01	1.195216443057803835e+00
8.500000000001541878e-01	1.216061116390824814e+00
9.000000000001548983e-01	1.236296157044201038e+00
9.500000000001556089e-01	1.255921981126720155e+00
1.000000000000156319e+00	1.274937988818829027e+00
1.050000000000157030e+00	1.293341591919428879e+00
1.100000000000157740e+00	1.311131373961705204e+00
1.150000000000158451e+00	1.328305011482392883e+00
1.200000000000159162e+00	1.344857423189384171e+00
1.250000000000159872e+00	1.360784326892404028e+00
1.300000000000160583e+00	1.376081523837055620e+00
1.350000000000161293e+00	1.390741990404029238e+00
1.400000000000162004e+00	1.404760357142320837e+00
1.450000000000162714e+00	1.418127935295482978e+00
1.500000000000163425e+00	1.430838190339176474e+00
1.550000000000164135e+00	1.442883070135945633e+00
1.600000000000164846e+00	1.454253726104949962e+00
1.650000000000165556e+00	1.464940869146530877e+00
1.700000000000166267e+00	1.474935137725468248e+00
1.750000000000166978e+00	1.484227357548001835e+00
1.800000000000167688e+00	1.492807610208457536e+00
1.850000000000168399e+00	1.500666123579805555e+00
1.900000000000169109e+00	1.507791790499092288e+00
1.950000000000169820e+00	1.514174984526677648e+00
2.000000000000170530e+00	1.519806467295656160e+00
2.050000000000171241e+00	1.524675612127098123e+00
2.100000000000171951e+00	1.528772881230082259e+00
2.150000000000172662e+00	1.532088202542015054e+00
2.200000000000173372e+00	1.534613562695583688e+00
2.250000000000174083e+00	1.536339449252336564e+00
2.300000000000174794e+00	1.537257998677166615e+00
2.350000000000175504e+00	1.537361573464403275e+00
2.400000000000176215e+00	1.536643681335815748e+00
2.450000000000176925e+00	1.535097301340795362e+00
2.500000000000177636e+00	1.532716311687007948e+00
2.550000000000178346e+00	1.529497650957886812e+00
2.600000000000179057e+00	1.525436301346774215e+00
2.650000000000179767e+00	1.520529752725196637e+00
2.700000000000180478e+00	1.514776056112029590e+00
2.750000000000181188e+00	1.508174363953445951e+00
2.800000000000181899e+00	1.500725126085362460e+00
2.850000000000182609e+00	1.492429230947960317e+00
2.900000000000183320e+00	1.483290395965882302e+00
2.950000000000184031e+00	1.473311356321009846e+00
3.000000000000184741e+00	1.462497144025330487e+00
3.050000000000185452e+00	1.450854685077008988e+00
3.100000000000186162e+00	1.438390744442571201e+00
3.150000000000186873e+00	1.425114680873691642e+00
3.200000000000187583e+00	1.411036746112630302e+00
3.250000000000188294e+00	1.396167733634224195e+00
3.300000000000189004e+00	1.380521049055362992e+00
3.350000000000189715e+00	1.364110965250350693e+00
3.400000000000190425e+00	1.346951612920580743e+00
3.450000000000191136e+00	1.329060175499092722e+00
3.500000000000191847e+00	1.310454579221870919e+00
3.550000000000192557e+00	1.291153234798164462e+00
3.600000000000193268e+00	1.271176895024450415e+00
3.650000000000193978e+00	1.250546453622378706e+00
3.700000000000194689e+00	1.229283943746599661e+00
3.750000000000195399e+00	1.207412431308652501e+00
3.800000000000196110e+00	1.184956566935545297e+00
3.850000000000196820e+00	1.161940779578400473e+00
3.900000000000197531e+00	1.138391733234601411e+00
3.950000000000198241e+00	1.114335143725247335e+00
4.000000000000198952e+00	1.089799248230754358e+00
4.050000000000199663e+00	1.064810974452105041e+00
4.100000000000200373e+00	1.039399181517751902e+00
4.150000000000201084e+00	1.013592168813631123e+00
4.200000000000201794e+00	9.874201019532886647e-01
4.250000000000202505e+00	9.609108802633550273e-01
4.300000000000203215e+00	9.340949588009233029e-01
4.350000000000203926e+00	9.070014194664359763e-01
4.400000000000204636e+00	8.796601323606048073e-01
4.450000000000205347e+00	8.520999386281322696e-01
4.500000000000206057e+00	8.243503401890099891e-01
4.550000000000206768e+00	7.964401298462540080e-01
4.600000000000207478e+00	7.683980486582435709e-01
4.650000000000208189e+00	7.402515014755286504e-01
4.700000000000208900e+00	7.120279707194154817e-01
4.750000000000209610e+00	6.837541192870559836e-01
4.800000000000210321e+00	6.554557923253001572e-01
4.850000000000211031e+00	6.271583587875435573e-01
4.900000000000211742e+00	5.988854094810016626e-01
4.950000000000212452e+00	5.706607407935211373e-01
5.000000000000213163e+00	5.425058058113654269e-01
5.050000000000213873e+00	5.144416970644878351e-01
5.100000000000214584e+00	4.864878371821959036e-01
5.150000000000215294e+00	4.586633874892926954e-01
5.200000000000216005e+00	4.309849492454751463e-01
5.250000000000216716e+00	4.034689155328072818e-01
5.300000000000217426e+00	3.761286799950032123e-01
5.350000000000218137e+00	3.489782666206147077e-01
5.400000000000218847e+00	3.220284895328862085e-01
5.450000000000219558e+00	2.952889596057926003e-01
5.500000000000220268e+00	2.687695198926436380e-01
5.550000000000220979e+00	2.424760308361424421e-01
5.600000000000221689e+00	2.164144008928348129e-01
5.650000000000222400e+00	1.905881035711742832e-01
5.700000000000223110e+00	1.650000742308188606e-01
5.750000000000223821e+00	1.396506108148702907e-01
5.800000000000224532e+00	1.145397253212891986e-01
5.850000000000225242e+00	8.966540501824349363e-02
5.900000000000225953e+00	6.502326613228892604e-02
5.950000000000226663e+00	4.060961482252567478e-02
6.000000000000227374e+00	1.641764000373457932e-02
6.050000000000228084e+00	-7.559983156986804786e-03
6.100000000000228795e+00	-3.133249752373057362e-02
6.150000000000229505e+00	-5.490934931362967397e-02
6.200000000000230216e+00	-7.830157312135455072e-02
6.250000000000230926e+00	-1.015216253864017482e-01
6.300000000000231637e+00	-1.245822672522172159e-01
6.350000000000232347e+00	-1.474975229869903703e-01
6.400000000000233058e+00	-1.702827965801048116e-01
6.450000000000233769e+00	-1.929529212946630157e-01
6.500000000000234479e+00	-2.155246181760086532e-01
6.550000000000235190e+00	-2.380144693877528361e-01
6.600000000000235900e+00	-2.604401747575961767e-01
6.650000000000236611e+00	-2.828191536706570197e-01
6.700000000000237321e+00	-3.051699015213866772e-01
6.750000000000238032e+00	-3.275102274559378301e-01
6.800000000000238742e+00	-3.498587454642698713e-01
6.850000000000239453e+00	-3.722339853429481593e-01
6.900000000000240163e+00	-3.946547352317782975e-01
6.950000000000240874e+00	-4.171389812014673071e-01
7.000000000000241585e+00	-4.397039866401004637e-01
7.050000000000242295e+00	-4.623687569743708536e-01
7.100000000000243006e+00	-4.851500033128628431e-01
7.150000000000243716e+00	-5.080649758574612429e-01
7.200000000000244427e+00	-5.311296787929427055e-01
7.250000000000245137e+00	-5.543597146552845523e-01
7.300000000000245848e+00	-5.777707523691794078e-01
7.350000000000246558e+00	-6.013761840862468233e-01
7.400000000000247269e+00	-6.251899294379134053e-01
7.450000000000247979e+00	-6.492243844673559749e-01
7.500000000000248690e+00	-6.734910506861508939e-01
7.550000000000249401e+00	-6.980002522039980839e-01
7.600000000000250111e+00	-7.227614985594374986e-01
7.650000000000250822e+00	-7.477834860685652618e-01
7.700000000000251532e+00	-7.730728437364979833e-01
7.750000000000252243e+00	-7.986354160573900796e-01
7.800000000000252953e+00	-8.244771019378249743e-01
7.850000000000253664e+00	-8.505997312704547397e-01
7.900000000000254374e+00	-8.770068756773690133e-01
7.950000000000255085e+00	-9.036992493093878309e-01
8.000000000000255795e+00	-9.306762971639679360e-01
8.050000000000256506e+00	-9.579359787980008534e-01
8.100000000000257216e+00	-9.854759877311705107e-01
8.150000000000257927e+00	-1.013291778436802737e+00
8.200000000000258638e+00	-1.041377536900307765e+00
8.250000000000259348e+00	-1.069726199535094180e+00
8.300000000000260059e+00	-1.098330495278033059e+00
8.350000000000260769e+00	-1.127179963585575040e+00
8.400000000000261480e+00	-1.156264057278263202e+00
8.450000000000262190e+00	-1.185570725233623612e+00
8.500000000000262901e+00	-1.215087185156945138e+00
8.550000000000263611e+00	-1.244798481059759210e+00
8.600000000000264322e+00	-1.274689292042088251e+00
8.650000000000265032e+00	-1.304742818103735935e+00
8.700000000000265743e+00	-1.334941295193402322e+00
8.750000000000266454e+00	-1.365265984674299382e+00
8.800000000000267164e+00	-1.395696896294298162e+00
8.850000000000267875e+00	-1.426213267860997780e+00
8.900000000000268585e+00	-1.456793047407233255e+00
8.950000000000269296e+00	-1.487413685092929816e+00
9.000000000000270006e+00	-1.518051552241522550e+00
9.050000000000270717e+00	-1.548681730685037339e+00
9.100000000000271427e+00	-1.579280376068870728e+00
9.150000000000272138e+00	-1.609819763857905039e+00
9.200000000000272848e+00	-1.640275031145949081e+00
9.250000000000273559e+00	-1.670617164091900309e+00
9.300000000000274269e+00	-1.700820190873894910e+00
9.350000000000274980e+00	-1.730853743899882780e+00
9.400000000000275691e+00	-1.760691197995408075e+00
9.450000000000276401e+00	-1.790301005577703553e+00
9.500000000000277112e+00	-1.819654327782219250e+00
9.550000000000277822e+00	-1.848720340611919477e+00
9.600000000000278533e+00	-1.877469524025606962e+00
9.650000000000279243e+00	-1.905869523758687123e+00
9.700000000000279954e+00	-1.933889909819749287e+00
9.750000000000280664e+00	-1.961499247058624773e+00
9.800000000000281375e+00	-1.988665879599989417e+00
9.850000000000282085e+00	-2.015357582408020320e+00
9.900000000000282796e+00	-2.041542838030464768e+00
9.950000000000283507e+00	-2.067188897494914190e+00
