X	y	y_2std
-1.000000000000000000e+01	-4.038348349882514565e-02	5.675729700794406973e+00
-9.949999999999999289e+00	-4.238856086755021790e-02	5.675708635024006909e+00
-9.899999999999998579e+00	-4.448025269251874164e-02	5.675685529752020564e+00
-9.849999999999997868e+00	-4.666157796578240119e-02	5.675660202442126767e+00
-9.799999999999997158e+00	-4.893562267060426463e-02	5.675632455753413019e+00
-9.749999999999996447e+00	-5.130553924824294426e-02	5.675602076488883263e+00
-9.699999999999995737e+00	-5.377454592930301647e-02	5.675568834483051717e+00
-9.649999999999995026e+00	-5.634592592367915903e-02	5.675532481426310838e+00
-9.599999999999994316e+00	-5.902302646310726014e-02	5.675492749623780142e+00
-9.549999999999993605e+00	-6.180925769033230460e-02	5.675449350686371019e+00
-9.499999999999992895e+00	-6.470809138891550627e-02	5.675401974151856876e+00
-9.449999999999992184e+00	-6.772305954773191750e-02	5.675350286033790326e+00
-9.399999999999991473e+00	-7.085775275425078290e-02	5.675293927296189977e+00
-9.349999999999990763e+00	-7.411581841075037813e-02	5.675232512252007311e+00
-9.299999999999990052e+00	-7.750095876769656777e-02	5.675165626883494241e+00
-9.249999999999989342e+00	-8.101692876860683290e-02	5.675092827082722557e+00
-9.199999999999988631e+00	-8.466753370083089647e-02	5.675013636810644080e+00
-9.149999999999987921e+00	-8.845662664681691600e-02	5.674927546173259785e+00
-9.099999999999987210e+00	-9.238810573057376629e-02	5.674834009413645575e+00
-9.049999999999986500e+00	-9.646591115421562779e-02	5.674732442818801736e+00
-8.999999999999985789e+00	-1.006940220196647917e-01	5.674622222540515182e+00
-8.949999999999985079e+00	-1.050764529307991885e-01	5.674502682329698011e+00
-8.899999999999984368e+00	-1.096172503715638624e-01	5.674373111183936835e+00
-8.849999999999983658e+00	-1.143204888558244092e-01	5.674232750908295486e+00
-8.799999999999982947e+00	-1.191902668450133540e-01	5.674080793589769023e+00
-8.749999999999982236e+00	-1.242307024299213192e-01	5.673916378986119113e+00
-8.699999999999981526e+00	-1.294459287733127073e-01	5.673738591830226774e+00
-8.649999999999980815e+00	-1.348400893103846587e-01	5.673546459051518553e+00
-8.599999999999980105e+00	-1.404173327044609398e-01	5.673338946916456571e+00
-8.549999999999979394e+00	-1.461818075557079488e-01	5.673114958090546445e+00
-8.499999999999978684e+00	-1.521376568610712521e-01	5.672873328624841172e+00
-8.449999999999977973e+00	-1.582890122240744601e-01	5.672612824870417292e+00
-8.399999999999977263e+00	-1.646399878135827721e-01	5.672332140324856553e+00
-8.349999999999976552e+00	-1.711946740711281501e-01	5.672029892415360486e+00
-8.299999999999975842e+00	-1.779571311668861344e-01	5.671704619223698174e+00
-8.249999999999975131e+00	-1.849313822049480638e-01	5.671354776158841204e+00
-8.199999999999974420e+00	-1.921214061790690597e-01	5.670978732583751736e+00
-8.149999999999973710e+00	-1.995311306806565876e-01	5.670574768403499277e+00
-8.099999999999972999e+00	-2.071644243613662839e-01	5.670141070622522150e+00
-8.049999999999972289e+00	-2.150250891532818898e-01	5.669675729879583237e+00
-7.999999999999971578e+00	-2.231168522502976481e-01	5.669176736969682828e+00
-7.949999999999970868e+00	-2.314433578549859039e-01	5.668641979362885053e+00
-7.899999999999970157e+00	-2.400081586959013913e-01	5.668069237730807508e+00
-7.849999999999969447e+00	-2.488147073209642512e-01	5.667456182492210282e+00
-7.799999999999968736e+00	-2.578663471732907109e-01	5.666800370389906583e+00
-7.749999999999968026e+00	-2.671663034565440187e-01	5.666099241111927753e+00
-7.699999999999967315e+00	-2.767176737976289047e-01	5.665350113970642809e+00
-7.649999999999966604e+00	-2.865234187153061218e-01	5.664550184654249421e+00
-7.599999999999965894e+00	-2.965863519040595198e-01	5.663696522065762906e+00
-7.549999999999965183e+00	-3.069091303433198470e-01	5.662786065265356328e+00
-7.499999999999964473e+00	-3.174942442429362632e-01	5.661815620532553162e+00
-7.449999999999963762e+00	-3.283440068365715003e-01	5.660781858565456126e+00
-7.399999999999963052e+00	-3.394605440354703796e-01	5.659681311834819262e+00
-7.349999999999962341e+00	-3.508457839558766778e-01	5.658510372111314801e+00
-7.299999999999961631e+00	-3.625014463341360571e-01	5.657265288184978758e+00
-7.249999999999960920e+00	-3.744290318443289634e-01	5.655942163796240152e+00
-7.199999999999960210e+00	-3.866298113340690401e-01	5.654536955798459275e+00
-7.149999999999959499e+00	-3.991048149948797641e-01	5.653045472572258312e+00
-7.099999999999958789e+00	-4.118548214843312238e-01	5.651463372712310473e+00
-7.049999999999958078e+00	-4.248803470179026154e-01	5.649786164007505995e+00
-6.999999999999957367e+00	-4.381816344492676651e-01	5.648009202735636336e+00
-6.949999999999956657e+00	-4.517586423584454280e-01	5.646127693293896854e+00
-6.899999999999955946e+00	-4.656110341679849385e-01	5.644136688186549122e+00
-6.849999999999955236e+00	-4.797381673080383657e-01	5.642031088391092908e+00
-6.799999999999954525e+00	-4.941390824518641645e-01	5.639805644124193051e+00
-6.749999999999953815e+00	-5.088124928439520245e-01	5.637454956028426167e+00
-6.699999999999953104e+00	-5.237567737435766535e-01	5.634973476800646530e+00
-6.649999999999952394e+00	-5.389699520071971062e-01	5.632355513282403692e+00
-6.599999999999951683e+00	-5.544496958336631032e-01	5.629595229032394066e+00
-6.549999999999950973e+00	-5.701933046967201379e-01	5.626686647400362951e+00
-6.499999999999950262e+00	-5.861976994898037141e-01	5.623623655121259723e+00
-6.449999999999949551e+00	-6.024594129085361072e-01	5.620400006447643371e+00
-6.399999999999948841e+00	-6.189745800967600964e-01	5.617009327837562793e+00
-6.349999999999948130e+00	-6.357389295823007158e-01	5.613445123214130028e+00
-6.299999999999947420e+00	-6.527477745289398392e-01	5.609700779811986671e+00
-6.249999999999946709e+00	-6.699960043313629710e-01	5.605769574624749119e+00
-6.199999999999945999e+00	-6.874780765800354576e-01	5.601644681466216191e+00
-6.149999999999945288e+00	-7.051880094231106622e-01	5.597319178656865013e+00
-6.099999999999944578e+00	-7.231193743525750062e-01	5.592786057345685791e+00
-6.049999999999943867e+00	-7.412652894418532146e-01	5.588038230475899759e+00
-5.999999999999943157e+00	-7.596184130620868835e-01	5.583068542401532497e+00
-5.949999999999942446e+00	-7.781709381041779228e-01	5.577869779160077535e+00
-5.899999999999941735e+00	-7.969145867335664102e-01	5.572434679404761226e+00
-5.849999999999941025e+00	-8.158406057044463866e-01	5.566755945998054678e+00
-5.799999999999940314e+00	-8.349397622598616620e-01	5.560826258266160060e+00
-5.749999999999939604e+00	-8.542023406437500022e-01	5.554638284912221557e+00
-5.699999999999938893e+00	-8.736181392505459886e-01	5.548184697583954161e+00
-5.649999999999938183e+00	-8.931764684374835506e-01	5.541458185089274124e+00
-5.599999999999937472e+00	-9.128661490241288812e-01	5.534451468251361028e+00
-5.549999999999936762e+00	-9.326755115030287424e-01	5.527157315392357440e+00
-5.499999999999936051e+00	-9.525923959846267497e-01	5.519568558432647265e+00
-5.449999999999935341e+00	-9.726041528988051965e-01	5.511678109590398833e+00
-5.399999999999934630e+00	-9.926976444745154726e-01	5.503478978663656207e+00
-5.349999999999933920e+00	-1.012859247018015330e+00	5.494964290874986723e+00
-5.299999999999933209e+00	-1.033074854009202515e+00	5.486127305256212061e+00
-5.249999999999932498e+00	-1.053329880034427291e+00	5.476961433548451552e+00
-5.199999999999931788e+00	-1.073609265572984306e+00	5.467460259590168903e+00
-5.149999999999931077e+00	-1.093897482653255038e+00	5.457617559163585597e+00
-5.099999999999930367e+00	-1.114178541393122224e+00	5.447427320267291151e+00
-5.049999999999929656e+00	-1.134435997437911015e+00	5.436883763780514300e+00
-4.999999999999928946e+00	-1.154652960307648080e+00	5.425981364481995861e+00
-4.949999999999928235e+00	-1.174812102663881141e+00	5.414714872384021049e+00
-4.899999999999927525e+00	-1.194895670504752205e+00	5.403079334339683015e+00
-4.849999999999926814e+00	-1.214885494295329105e+00	5.391070115879033509e+00
-4.799999999999926104e+00	-1.234763001038505559e+00	5.378682923227348311e+00
-4.749999999999925393e+00	-1.254509227290005136e+00	5.365913825456306796e+00
-4.699999999999924682e+00	-1.274104833119211078e+00	5.352759276716495762e+00
-4.649999999999923972e+00	-1.293530117015650793e+00	5.339216138497230979e+00
-4.599999999999923261e+00	-1.312765031739070443e+00	5.325281701857325523e+00
-4.549999999999922551e+00	-1.331789201109049303e+00	5.310953709568068781e+00
-4.499999999999921840e+00	-1.350581937728097648e+00	5.296230378107287251e+00
-4.449999999999921130e+00	-1.369122261630174808e+00	5.281110419441077397e+00
-4.399999999999920419e+00	-1.387388919844449342e+00	5.265593062527403667e+00
-4.349999999999919709e+00	-1.405360406862059097e+00	5.249678074473502321e+00
-4.299999999999918998e+00	-1.423014985991483350e+00	5.233365781276674511e+00
-4.249999999999918288e+00	-1.440330711586037316e+00	5.216657088075809412e+00
-4.199999999999917577e+00	-1.457285452124804204e+00	5.199553498838677790e+00
-4.149999999999916866e+00	-1.473856914126197015e+00	5.182057135407800885e+00
-4.099999999999916156e+00	-1.490022666871178680e+00	5.164170755825442605e+00
-4.049999999999915445e+00	-1.505760167910982217e+00	5.145897771856103198e+00
-3.999999999999914735e+00	-1.521046789332070714e+00	5.127242265622659723e+00
-3.949999999999914024e+00	-1.535859844748916236e+00	5.108209005270197167e+00
-3.899999999999913314e+00	-1.550176616993044876e+00	5.088803459569445131e+00
-3.849999999999912603e+00	-1.563974386464768607e+00	5.069031811369697493e+00
-3.799999999999911893e+00	-1.577230460111879617e+00	5.048900969809108297e+00
-3.749999999999911182e+00	-1.589922200997647916e+00	5.028418581188350167e+00
-3.699999999999910472e+00	-1.602027058418429517e+00	5.007593038411836339e+00
-3.649999999999909761e+00	-1.613522598529272267e+00	4.986433488899038480e+00
-3.599999999999909051e+00	-1.624386535434059642e+00	4.964949840866876407e+00
-3.549999999999908340e+00	-1.634596762694880523e+00	4.943152767882875054e+00
-3.499999999999907629e+00	-1.644131385213582819e+00	4.921053711587597412e+00
-3.449999999999906919e+00	-1.652968751436793449e+00	4.898664882484066396e+00
-3.399999999999906208e+00	-1.661087485834075839e+00	4.875999258691284588e+00
-3.349999999999905498e+00	-1.668466521597373298e+00	4.853070582558809853e+00
-3.299999999999904787e+00	-1.675085133508482427e+00	4.829893355039540204e+00
-3.249999999999904077e+00	-1.680922970919914716e+00	4.806482827718617123e+00
-3.199999999999903366e+00	-1.685960090793304778e+00	4.782854992397608918e+00
-3.149999999999902656e+00	-1.690176990738374352e+00	4.759026568135070967e+00
-3.099999999999901945e+00	-1.693554641994400534e+00	4.735014985647228336e+00
-3.049999999999901235e+00	-1.696074522295259568e+00	4.710838368975998058e+00
-2.999999999999900524e+00	-1.697718648558274035e+00	4.686515514335973798e+00
-2.949999999999899813e+00	-1.698469609336444641e+00	4.662065866057406360e+00
-2.899999999999899103e+00	-1.698310596973021891e+00	4.637509489548778063e+00
-2.849999999999898392e+00	-1.697225439397022972e+00	4.612867041210374275e+00
-2.799999999999897682e+00	-1.695198631497909725e+00	4.588159735239416115e+00
-2.749999999999896971e+00	-1.692215366017524980e+00	4.563409307277942695e+00
-2.699999999999896261e+00	-1.688261563897318851e+00	4.538637974866865044e+00
-2.649999999999895550e+00	-1.683323904018996675e+00	4.513868394683446361e+00
-2.599999999999894840e+00	-1.677389852276978788e+00	4.489123616555174223e+00
-2.549999999999894129e+00	-1.670447689921395362e+00	4.464427034260412874e+00
-2.499999999999893419e+00	-1.662486541110914429e+00	4.439802333145644653e+00
-2.449999999999892708e+00	-1.653496399615306478e+00	4.415273434610386794e+00
-2.399999999999891998e+00	-1.643468154608504372e+00	4.390864437534129472e+00
-2.349999999999891287e+00	-1.632393615493818340e+00	4.366599556744720445e+00
-2.299999999999890576e+00	-1.620265535704093596e+00	4.342503058654641812e+00
-2.249999999999889866e+00	-1.607077635420789852e+00	4.318599194220227311e+00
-2.199999999999889155e+00	-1.592824623157380159e+00	4.294912129409131474e+00
-2.149999999999888445e+00	-1.577502216153938264e+00	4.271465873392857659e+00
-2.099999999999887734e+00	-1.561107159531439859e+00	4.248284204713812962e+00
-2.049999999999887024e+00	-1.543637244156098376e+00	4.225390595709590080e+00
-1.999999999999886313e+00	-1.525091323165964852e+00	4.202808135510907483e+00
-1.949999999999885603e+00	-1.505469327114057121e+00	4.180559451963074657e+00
-1.899999999999884892e+00	-1.484772277684450303e+00	4.158666632853763367e+00
-1.849999999999884182e+00	-1.463002299940092010e+00	4.137151146861498319e+00
-1.799999999999883471e+00	-1.440162633063440278e+00	4.116033764669134953e+00
-1.749999999999882760e+00	-1.416257639553613279e+00	4.095334480713940017e+00
-1.699999999999882050e+00	-1.391292812846349314e+00	4.075072436070137805e+00
-1.649999999999881339e+00	-1.365274783325767460e+00	4.055265842980183777e+00
-1.599999999999880629e+00	-1.338211322699838668e+00	4.035931911566938091e+00
-1.549999999999879918e+00	-1.310111346714298852e+00	4.017086779269685159e+00
-1.499999999999879208e+00	-1.280984916182808853e+00	3.998745443551972478e+00
-1.449999999999878497e+00	-1.250843236314250539e+00	3.980921698427963840e+00
-1.399999999999877787e+00	-1.219698654321172304e+00	3.963628075346044000e+00
-1.349999999999877076e+00	-1.187564655296636573e+00	3.946875788953323028e+00
-1.299999999999876366e+00	-1.154455856350038001e+00	3.930674688242369985e+00
-1.249999999999875655e+00	-1.120387998995741929e+00	3.915033213551786684e+00
-1.199999999999874944e+00	-1.085377939791793089e+00	3.899958359855285828e+00
-1.149999999999874234e+00	-1.049443639229374670e+00	3.885455646729919277e+00
-1.099999999999873523e+00	-1.012604148877103816e+00	3.871529095343528848e+00
-1.049999999999872813e+00	-9.748795967877169621e-01	3.858181212744840938e+00
-9.999999999998721023e-01	-9.362911711782079260e-01	3.845412983677726437e+00
-9.499999999998713918e-01	-8.968611023978748653e-01	3.833223870074808470e+00
-8.999999999998706812e-01	-8.566126432022728165e-01	3.821611818315891362e+00
-8.499999999998699707e-01	-8.155700473544936768e-01	3.810573274264668520e+00
-7.999999999998692601e-01	-7.737585465786157579e-01	3.800103206024053382e+00
-7.499999999998685496e-01	-7.312043258935762013e-01	3.790195134277493771e+00
-6.999999999998678391e-01	-6.879344973590887369e-01	3.780841170011998820e+00
-6.499999999998671285e-01	-6.439770722685287385e-01	3.772032059349561095e+00
-5.999999999998664180e-01	-5.993609318269629282e-01	3.763757235148319946e+00
-5.499999999998657074e-01	-5.541157963557199473e-01	3.756004874974309793e+00
-4.999999999998649969e-01	-5.082721930679905409e-01	3.748761964989825834e+00
-4.499999999998642863e-01	-4.618614224630051002e-01	3.742014369256243089e+00
-3.999999999998635758e-01	-4.149155233892883876e-01	3.735746903908113925e+00
-3.499999999998628653e-01	-3.674672368303512626e-01	3.729943415622036351e+00
-2.999999999998621547e-01	-3.195499684689394604e-01	3.724586863778470036e+00
-2.499999999998614442e-01	-2.711977500886091907e-01	3.719659405697487209e+00
-1.999999999998607336e-01	-2.224451998739124525e-01	3.715142484320307581e+00
-1.499999999998600231e-01	-1.733274816729198364e-01	3.711016917707187890e+00
-9.999999999985931254e-02	-1.238802632880698640e-01	3.707262989728490332e+00
-4.999999999985860200e-02	-7.413967386346695387e-02	3.703860541338991119e+00
1.421085471520200372e-13	-2.414226043878062167e-02	3.700789061845138228e+00
5.000000000014281909e-02	2.607505625825162765e-02	3.698027779600373322e+00
1.000000000001435296e-01	7.647502670701741834e-02	3.695555751593979643e+00
1.500000000001442402e-01	1.270201181016341330e-01	3.693351951433519353e+00
2.000000000001449507e-01	1.776725603943288545e-01	3.691395355258856981e+00
2.500000000001456613e-01	2.283943927966910203e-01	3.689665025166371848e+00
3.000000000001463718e-01	2.791475106598402256e-01	3.688140189764318233e+00
3.500000000001470823e-01	3.298937126536554132e-01	3.686800321523832746e+00
4.000000000001477929e-01	3.805947481644997854e-01	3.685625210633927118e+00
4.500000000001485034e-01	4.312123648303016199e-01	3.684595035112545158e+00
5.000000000001492140e-01	4.817083561315002038e-01	3.683690426968621701e+00
5.500000000001499245e-01	5.320446089561338132e-01	3.682892534251780869e+00
6.000000000001506351e-01	5.821831510573858282e-01	3.682183078866254178e+00
6.500000000001513456e-01	6.320861983219624447e-01	3.681544410063650741e+00
7.000000000001520561e-01	6.817162017681321906e-01	3.680959553564866038e+00
7.500000000001527667e-01	7.310358941926360377e-01	3.680412256294740558e+00
8.000000000001534772e-01	7.800083363864724895e-01	3.679887026743688061e+00
8.500000000001541878e-01	8.285969628403434539e-01	3.679369170998523231e+00
9.000000000001548983e-01	8.767656268616077497e-01	3.678844824509936107e+00
9.500000000001556089e-01	9.244786450257840293e-01	3.678300979686655481e+00
1.000000000000156319e+00	9.717008408869918235e-01	3.677725509426199579e+00
1.050000000000157030e+00	1.018397587873283383e+00	3.677107186709410946e+00
1.100000000000157740e+00	1.064534851294449691e+00	3.676435700400829010e+00
1.150000000000158451e+00	1.110079229391749855e+00	3.675701667409321249e+00
1.200000000000159162e+00	1.154997993361031927e+00	3.674896641373645689e+00
1.250000000000159872e+00	1.199259126282786081e+00	3.674013118045639903e+00
1.300000000000160583e+00	1.242831360894985249e+00	3.673044537549869037e+00
1.350000000000161293e+00	1.285684216146969261e+00	3.671985283702769109e+00
1.400000000000162004e+00	1.327788032475154090e+00	3.670830680576924188e+00
1.450000000000162714e+00	1.369114005744008544e+00	3.669576986497053550e+00
1.500000000000163425e+00	1.409634219798521215e+00	3.668221385653842592e+00
1.550000000000164135e+00	1.449321677577234846e+00	3.666761977519929161e+00
1.600000000000164846e+00	1.488150330737940452e+00	3.665197764249370938e+00
1.650000000000165556e+00	1.526095107751168189e+00	3.663528636237783243e+00
1.700000000000166267e+00	1.563131940419774768e+00	3.661755356015199414e+00
1.750000000000166978e+00	1.599237788786185499e+00	3.659879540637652529e+00
1.800000000000167688e+00	1.634390664392127990e+00	3.657903642736566319e+00
1.850000000000168399e+00	1.668569651859081793e+00	3.655830930377416355e+00
1.900000000000169109e+00	1.701754928761072483e+00	3.653665465870732376e+00
1.950000000000169820e+00	1.733927783764940056e+00	3.651412083669602016e+00
2.000000000000170530e+00	1.765070633016662560e+00	3.649076367478302441e+00
2.050000000000171241e+00	1.795167034755897895e+00	3.646664626686712207e+00
2.100000000000171951e+00	1.824201702144426562e+00	3.644183872234784793e+00
2.150000000000172662e+00	1.852160514297749527e+00	3.641641792000582800e+00
2.200000000000173372e+00	1.879030525512665140e+00	3.639046725794426784e+00
2.250000000000174083e+00	1.904799972687192033e+00	3.636407640030445698e+00
2.300000000000174794e+00	1.929458280932770053e+00	3.633734102135513844e+00
2.350000000000175504e+00	1.952996067382169576e+00	3.631036254744172354e+00
2.400000000000176215e+00	1.975405143200041902e+00	3.628324789716772969e+00
2.450000000000176925e+00	1.996678513806493527e+00	3.625610922006896608e+00
2.500000000000177636e+00	2.016810377327468817e+00	3.622906363393065376e+00
2.550000000000178346e+00	2.035796121289066285e+00	3.620223296079093878e+00
2.600000000000179057e+00	2.053632317576203903e+00	3.617574346157199194e+00
2.650000000000179767e+00	2.070316715679273223e+00	3.614972556918180313e+00
2.700000000000180478e+00	2.085848234255555766e+00	3.612431361983962752e+00
2.750000000000181188e+00	2.100226951035188083e+00	3.609964558229370457e+00
2.800000000000181899e+00	2.113454091104528310e+00	3.607586278452547646e+00
2.850000000000182609e+00	2.125532013602509096e+00	3.605310963746932273e+00
2.900000000000183320e+00	2.136464196868442134e+00	3.603153335522208511e+00
2.950000000000184031e+00	2.146255222082313896e+00	3.601128367117486739e+00
3.000000000000184741e+00	2.154910755441217241e+00	3.599251254946965517e+00
3.050000000000185452e+00	2.162437528917900753e+00	3.597537389116832962e+00
3.100000000000186162e+00	2.168843319649833568e+00	3.596002323452037075e+00
3.150000000000186873e+00	2.174136928009212877e+00	3.594661744873088427e+00
3.200000000000187583e+00	2.178328154406514727e+00	3.593531442066103754e+00
3.250000000000188294e+00	2.181427774881970372e+00	3.592627273394052079e+00
3.300000000000189004e+00	2.183447515541215189e+00	3.591965134003581195e+00
3.350000000000189715e+00	2.184400025892893282e+00	3.591560922089832797e+00
3.400000000000190425e+00	2.184298851147532083e+00	3.591430504291434733e+00
3.450000000000191136e+00	2.183158403538319803e+00	3.591589680199065437e+00
3.500000000000191847e+00	2.180993932725576734e+00	3.592054145973903712e+00
3.550000000000192557e+00	2.177821495347777692e+00	3.592839457086385746e+00
3.600000000000193268e+00	2.173657923782859935e+00	3.593960990201212624e+00
3.650000000000193978e+00	2.168520794184242817e+00	3.595433904251072121e+00
3.700000000000194689e+00	2.162428393856663966e+00	3.597273100758978881e+00
3.750000000000195399e+00	2.155399688037253458e+00	3.599493183487231018e+00
3.800000000000196110e+00	2.147454286147642666e+00	3.602108417509469973e+00
3.850000000000196820e+00	2.138612407583011077e+00	3.605132687820958193e+00
3.900000000000197531e+00	2.128894847103958377e+00	3.608579457620622044e+00
3.950000000000198241e+00	2.118322939896932322e+00	3.612461726416422270e+00
4.000000000000198952e+00	2.106918526368700029e+00	3.616791988122705970e+00
4.050000000000199663e+00	2.094703916739823590e+00	3.621582189334335844e+00
4.100000000000200373e+00	2.081701855501620013e+00	3.626843687976895492e+00
4.150000000000201084e+00	2.067935485800342477e+00	3.632587212545210331e+00
4.200000000000201794e+00	2.053428313811460626e+00	3.638822822153145342e+00
4.250000000000202505e+00	2.038204173166020094e+00	3.645559867626205985e+00
4.300000000000203215e+00	2.022287189489938797e+00	3.652806953874363938e+00
4.350000000000203926e+00	2.005701745115881174e+00	3.660571903785795111e+00
4.400000000000204636e+00	1.988472444026114783e+00	3.668861723882478998e+00
4.450000000000205347e+00	1.970624077083246606e+00	3.677682571976018888e+00
4.500000000000206057e+00	1.952181587604277180e+00	3.687039727056267147e+00
4.550000000000206768e+00	1.933170037331773283e+00	3.696937561636653768e+00
4.600000000000207478e+00	1.913614572854239304e+00	3.707379516768414263e+00
4.650000000000208189e+00	1.893540392525989935e+00	3.718368079921364089e+00
4.700000000000208900e+00	1.872972713934927924e+00	3.729904765911718822e+00
4.750000000000209610e+00	1.851936741964717470e+00	3.741990101037771410e+00
4.800000000000210321e+00	1.830457637495757517e+00	3.754623610562544123e+00
4.850000000000211031e+00	1.808560486787358368e+00	3.767803809658834879e+00
4.900000000000211742e+00	1.786270271581320790e+00	3.781528197907044753e+00
4.950000000000212452e+00	1.763611839964951411e+00	3.795793257409915356e+00
5.000000000000213163e+00	1.740609878029328872e+00	3.810594454561392563e+00
5.050000000000213873e+00	1.717288882356345248e+00	3.825926245479569943e+00
5.100000000000214584e+00	1.693673133365731553e+00	3.841782085086445697e+00
5.150000000000215294e+00	1.669786669551010849e+00	3.858154439790550061e+00
5.200000000000216005e+00	1.645653262630878189e+00	3.875034803702531061e+00
5.250000000000216716e+00	1.621296393640247135e+00	3.892413718289066349e+00
5.300000000000217426e+00	1.596739229982769182e+00	3.910280795347180316e+00
5.350000000000218137e+00	1.572004603464275396e+00	3.928624743159487842e+00
5.400000000000218847e+00	1.547114989324263057e+00	3.947433395671271050e+00
5.450000000000219558e+00	1.522092486280155477e+00	3.966693744512892472e+00
5.500000000000220268e+00	1.496958797596729118e+00	3.986391973675804667e+00
5.550000000000220979e+00	1.471735213190838554e+00	4.006513496637609251e+00
5.600000000000221689e+00	1.446442592779201064e+00	4.027042995721212826e+00
5.650000000000222400e+00	1.421101350074820413e+00	4.047964463465069329e+00
5.700000000000223110e+00	1.395731438035357819e+00	4.069261245775835256e+00
5.750000000000223821e+00	1.370352335164618296e+00	4.090916086631402493e+00
5.800000000000224532e+00	1.344983032866148065e+00	4.112911174101042455e+00
5.850000000000225242e+00	1.319642023845903012e+00	4.135228187450213255e+00
5.900000000000225953e+00	1.294347291558879842e+00	4.157848345100351395e+00
5.950000000000226663e+00	1.269116300692644028e+00	4.180752453218348208e+00
6.000000000000227374e+00	1.243965988678803036e+00	4.203920954716430458e+00
6.050000000000228084e+00	1.218912758221591730e+00	4.227333978450420027e+00
6.100000000000228795e+00	1.193972470830989785e+00	4.250971388412894569e+00
6.150000000000229505e+00	1.169160441346077439e+00	4.274812832727109324e+00
6.200000000000230216e+00	1.144491433432695882e+00	4.298837792257855561e+00
6.250000000000230926e+00	1.119979656037949578e+00	4.323025628666153253e+00
6.300000000000231637e+00	1.095638760782566168e+00	4.347355631746021132e+00
6.350000000000232347e+00	1.071481840270793739e+00	4.371807065893035471e+00
6.400000000000233058e+00	1.047521427296122631e+00	4.396359215566151057e+00
6.450000000000233769e+00	1.023769494919958500e+00	4.420991429615902746e+00
6.500000000000234479e+00	1.000237457399175023e+00	4.445683164363800621e+00
6.550000000000235190e+00	9.769361719374165531e-01	4.470414025329117358e+00
6.600000000000235900e+00	9.538759412340560573e-01	4.495163807510433429e+00
6.650000000000236611e+00	9.310665168038076978e-01	4.519912534140198446e+00
6.700000000000237321e+00	9.085171030391616664e-01	4.544640493840984341e+00
6.750000000000238032e+00	8.862363619871187481e-01	4.569328276122067045e+00
6.800000000000238742e+00	8.642324188110435124e-01	4.593956805164645552e+00
6.850000000000239453e+00	8.425128679078714988e-01	4.618507371852957455e+00
6.900000000000240163e+00	8.210847796504844309e-01	4.642961664017218659e+00
6.950000000000240874e+00	7.999547077246237370e-01	4.667301794862325437e+00
7.000000000000241585e+00	7.791286970294204473e-01	4.691510329563859827e+00
7.050000000000242295e+00	7.586122921104052619e-01	4.715570310020007483e+00
7.100000000000243006e+00	7.384105460936603027e-01	4.739465277754625561e+00
7.150000000000243716e+00	7.185280300897446404e-01	4.763179294972805344e+00
7.200000000000244427e+00	6.989688430359803917e-01	4.786696963775977309e+00
7.250000000000245137e+00	6.797366219457827707e-01	4.810003443548878543e+00
7.300000000000245848e+00	6.608345525338276127e-01	4.833084466535558121e+00
7.350000000000246558e+00	6.422653801860656042e-01	4.855926351626072446e+00
7.400000000000247269e+00	6.240314212438619057e-01	4.878516016379625064e+00
7.450000000000247979e+00	6.061345745718687006e-01	4.900840987313715758e+00
7.500000000000248690e+00	5.885763333796059094e-01	4.922889408492295615e+00
7.550000000000249401e+00	5.713577972672085892e-01	4.944650048449093838e+00
7.600000000000250111e+00	5.544796844662707169e-01	4.966112305485178346e+00
7.650000000000250822e+00	5.379423442472666128e-01	4.987266211382419101e+00
7.700000000000251532e+00	5.217457694656466582e-01	5.008102433576945955e+00
7.750000000000252243e+00	5.058896092193319038e-01	5.028612275838813872e+00
7.800000000000252953e+00	4.903731815910130631e-01	5.048787677506061833e+00
7.850000000000253664e+00	4.751954864494030706e-01	5.068621211323079301e+00
7.900000000000254374e+00	4.603552182843291263e-01	5.088106079934821224e+00
7.950000000000255085e+00	4.458507790513556723e-01	5.107236111089706654e+00
8.000000000000255795e+00	4.316802910024434836e-01	5.126005751605348770e+00
8.050000000000256506e+00	4.178416094800074254e-01	5.144410060152272202e+00
8.100000000000257216e+00	4.043323356525848067e-01	5.162444698911727414e+00
8.150000000000257927e+00	3.911498291712486308e-01	5.180105924164457143e+00
8.200000000000258638e+00	3.782912207267818405e-01	5.197390575867901319e+00
8.250000000000259348e+00	3.657534244885606856e-01	5.214296066279851871e+00
8.300000000000260059e+00	3.535331504070405861e-01	5.230820367686901839e+00
8.350000000000260769e+00	3.416269163626577954e-01	5.246961999296290813e+00
8.400000000000261480e+00	3.300310601449348291e-01	5.262720013349868609e+00
8.450000000000262190e+00	3.187417512465156033e-01	5.278093980518865358e+00
8.500000000000262901e+00	3.077550024578132870e-01	5.293083974638076228e+00
8.550000000000263611e+00	2.970666812489017872e-01	5.307690556837783902e+00
8.600000000000264322e+00	2.866725209262451779e-01	5.321914759131401773e+00
8.650000000000265032e+00	2.765681315527802608e-01	5.335758067516360725e+00
8.700000000000265743e+00	2.667490106208166845e-01	5.349222404645147755e+00
8.750000000000266454e+00	2.572105534681314865e-01	5.362310112122754546e+00
8.800000000000267164e+00	2.479480634285535223e-01	5.375023932485956557e+00
8.850000000000267875e+00	2.389567617092205332e-01	5.387366990918945220e+00
8.900000000000268585e+00	2.302317969875771753e-01	5.399342776758857099e+00
8.950000000000269296e+00	2.217682547220392875e-01	5.410955124843578545e+00
9.000000000000270006e+00	2.135611661710906384e-01	5.422208196753048881e+00
9.050000000000270717e+00	2.056055171164105910e-01	5.433106461993946645e+00
9.100000000000271427e+00	1.978962562864048647e-01	5.443654679176259670e+00
9.150000000000272138e+00	1.904283034773162353e-01	5.453857877228771578e+00
9.200000000000272848e+00	1.831965573698248750e-01	5.463721336698885267e+00
9.250000000000273559e+00	1.761959030397658998e-01	5.473250571180616753e+00
9.300000000000274269e+00	1.694212191623184760e-01	5.482451308912819066e+00
9.350000000000274980e+00	1.628673849096574366e-01	5.491329474587930193e+00
9.400000000000275691e+00	1.565292865427261870e-01	5.499891171409669433e+00
9.450000000000276401e+00	1.504018236983999390e-01	5.508142663436188080e+00
9.500000000000277112e+00	1.444799153738834385e-01	5.516090358243229907e+00
9.550000000000277822e+00	1.387585056107540349e-01	5.523740789939796336e+00
9.600000000000278533e+00	1.332325688815944043e-01	5.531100602566797697e+00
9.650000000000279243e+00	1.278971151826370223e-01	5.538176533907025245e+00
9.700000000000279954e+00	1.227471948363325349e-01	5.544975399732719801e+00
9.750000000000280664e+00	1.177779030081785583e-01	5.551504078514801321e+00
9.800000000000281375e+00	1.129843839425609120e-01	5.557769496615714289e+00
9.850000000000282085e+00	1.083618349227342126e-01	5.563778613985642885e+00
9.900000000000282796e+00	1.039055099604284105e-01	5.569538410379729854e+00
9.950000000000283507e+00	9.961072322087863307e-02	5.575055872111724042e+00
