X	y
-1.000000000000000000e+01	1.036868939412353363e+00
-9.949999999999999289e+00	9.878332734164312345e-01
-9.899999999999998579e+00	9.389798471263997026e-01
-9.849999999999997868e+00	8.918908741111802874e-01
-9.799999999999997158e+00	8.485429638287320664e-01
-9.749999999999996447e+00	8.112540988387523244e-01
-9.699999999999995737e+00	7.825673438547343652e-01
-9.649999999999995026e+00	7.650917472807791109e-01
-9.599999999999994316e+00	7.612933982333246474e-01
-9.549999999999993605e+00	7.732676447332683667e-01
-9.499999999999992895e+00	8.025026512345460050e-01
-9.449999999999992184e+00	8.496610979618165471e-01
-9.399999999999991473e+00	9.144088706252249121e-01
-9.349999999999990763e+00	9.953027855134650714e-01
-9.299999999999990052e+00	1.089758974049527929e+00
-9.249999999999989342e+00	1.194118997649667335e+00
-9.199999999999988631e+00	1.303802664838494163e+00
-9.149999999999987921e+00	1.413552164853961290e+00
-9.099999999999987210e+00	1.517748073553289778e+00
-9.049999999999986500e+00	1.610773454903916324e+00
-8.999999999999985789e+00	1.687409347218933320e+00
-8.949999999999985079e+00	1.743205618453173678e+00
-8.899999999999984368e+00	1.774829151879274036e+00
-8.849999999999983658e+00	1.780329658943017312e+00
-8.799999999999982947e+00	1.759316824298562620e+00
-8.749999999999982236e+00	1.713019866040805361e+00
-8.699999999999981526e+00	1.644234301944904164e+00
-8.649999999999980815e+00	1.557138771619511530e+00
-8.599999999999980105e+00	1.457015325397394534e+00
-8.549999999999979394e+00	1.349868824698327696e+00
-8.499999999999978684e+00	1.241993603505833210e+00
-8.449999999999977973e+00	1.139498318719647019e+00
-8.399999999999977263e+00	1.047846438453193585e+00
-8.349999999999976552e+00	9.714254380290705537e-01
-8.299999999999975842e+00	9.131779169276630359e-01
-8.249999999999975131e+00	8.743400547614199603e-01
-8.199999999999974420e+00	8.542811395548310927e-01
-8.149999999999973710e+00	8.504703039918796170e-01
-8.099999999999972999e+00	8.585757231019915947e-01
-8.049999999999972289e+00	8.726858298388810997e-01
-7.999999999999971578e+00	8.856462852767033045e-01
-7.949999999999970868e+00	8.894867982970239284e-01
-7.899999999999970157e+00	8.759273954182935640e-01
-7.849999999999969447e+00	8.369163019284637794e-01
-7.799999999999968736e+00	7.651849356028689320e-01
-7.749999999999968026e+00	6.547697872996125490e-01
-7.699999999999967315e+00	5.014895591048187384e-01
-7.649999999999966604e+00	3.033207001761316080e-01
-7.599999999999965894e+00	6.066800308410669196e-02
-7.549999999999965183e+00	-2.235002513545629177e-01
-7.499999999999964473e+00	-5.436613163708429175e-01
-7.449999999999963762e+00	-8.918923494064914248e-01
-7.399999999999963052e+00	-1.258171234646013659e+00
-7.349999999999962341e+00	-1.630798134496905583e+00
-7.299999999999961631e+00	-1.996920057263923187e+00
-7.249999999999960920e+00	-2.343135643749488572e+00
-7.199999999999960210e+00	-2.656130389222639554e+00
-7.149999999999959499e+00	-2.923327538475462006e+00
-7.099999999999958789e+00	-3.133498196269131064e+00
-7.049999999999958078e+00	-3.277314598963314562e+00
-6.999999999999957367e+00	-3.347809293038339185e+00
-6.949999999999956657e+00	-3.340717479027549786e+00
-6.899999999999955946e+00	-3.254692527304352545e+00
-6.849999999999955236e+00	-3.091379151384200163e+00
-6.799999999999954525e+00	-2.855341723317208480e+00
-6.749999999999953815e+00	-2.553873537390938697e+00
-6.699999999999953104e+00	-2.196663122422318537e+00
-6.649999999999952394e+00	-1.795369738327175391e+00
-6.599999999999951683e+00	-1.363110519005847010e+00
-6.549999999999950973e+00	-9.138851778174822416e-01
-6.499999999999950262e+00	-4.619717421108632260e-01
-6.449999999999949551e+00	-2.131592030467732712e-02
-6.399999999999948841e+00	3.950567612595303757e-01
-6.349999999999948130e+00	7.755859337420493160e-01
-6.299999999999947420e+00	1.110646398282855607e+00
-6.249999999999946709e+00	1.392917919335805221e+00
-6.199999999999945999e+00	1.617658708868950468e+00
-6.149999999999945288e+00	1.782838055665116883e+00
-6.099999999999944578e+00	1.889143259784291651e+00
-6.049999999999943867e+00	1.939849369257035772e+00
-5.999999999999943157e+00	1.940555995986761983e+00
-5.949999999999942446e+00	1.898803877210533564e+00
-5.899999999999941735e+00	1.823586153717015268e+00
-5.849999999999941025e+00	1.724788069288235581e+00
-5.799999999999940314e+00	1.612573008980976885e+00
-5.749999999999939604e+00	1.496762361861691648e+00
-5.699999999999938893e+00	1.386233409598283339e+00
-5.649999999999938183e+00	1.288387919286263061e+00
-5.599999999999937472e+00	1.208711493941349913e+00
-5.549999999999936762e+00	1.150459017608286283e+00
-5.499999999999936051e+00	1.114492781433078061e+00
-5.449999999999935341e+00	1.099269644823514636e+00
-5.399999999999934630e+00	1.100997379161672063e+00
-5.349999999999933920e+00	1.113932661217967635e+00
-5.299999999999933209e+00	1.130810618172513049e+00
-5.249999999999932498e+00	1.143367483162214926e+00
-5.199999999999931788e+00	1.142927694876567202e+00
-5.149999999999931077e+00	1.121002589106766090e+00
-5.099999999999930367e+00	1.069874599790346714e+00
-5.049999999999929656e+00	9.831121758735843486e-01
-4.999999999999928946e+00	8.559917280992778155e-01
-4.949999999999928235e+00	6.858034444837800558e-01
-4.899999999999927525e+00	4.720193270492691329e-01
-4.849999999999926814e+00	2.163220018268870171e-01
-4.799999999999926104e+00	-7.749296249484761978e-02
-4.749999999999925393e+00	-4.037363263912545630e-01
-4.699999999999924682e+00	-7.551388507476161083e-01
-4.649999999999923972e+00	-1.123221669837038528e+00
-4.599999999999923261e+00	-1.498714592151920710e+00
-4.549999999999922551e+00	-1.871973970204861448e+00
-4.499999999999921840e+00	-2.233385653443741070e+00
-4.449999999999921130e+00	-2.573724620378252670e+00
-4.399999999999920419e+00	-2.884468195027116710e+00
-4.349999999999919709e+00	-3.158035886841631612e+00
-4.299999999999918998e+00	-3.387976692729771866e+00
-4.249999999999918288e+00	-3.569087439523041194e+00
-4.199999999999917577e+00	-3.697489378739911903e+00
-4.149999999999916866e+00	-3.770650447786861204e+00
-4.099999999999916156e+00	-3.787387522340343704e+00
-4.049999999999915445e+00	-3.747840346012329515e+00
-3.999999999999914735e+00	-3.653434794266801511e+00
-3.949999999999914024e+00	-3.506832039755933383e+00
-3.899999999999913314e+00	-3.311871158074839894e+00
-3.849999999999912603e+00	-3.073498543615604817e+00
-3.799999999999911893e+00	-2.797683619253493958e+00
-3.749999999999911182e+00	-2.491308965420172772e+00
-3.699999999999910472e+00	-2.162042227563178098e+00
-3.649999999999909761e+00	-1.818174690314248387e+00
-3.599999999999909051e+00	-1.468434768002189195e+00
-3.549999999999908340e+00	-1.121773179819602895e+00
-3.499999999999907629e+00	-7.871348176802703822e-01
-3.449999999999906919e+00	-4.732105516010647328e-01
-3.399999999999906208e+00	-1.881977999934550672e-01
-3.349999999999905498e+00	6.043633415514954033e-02
-3.299999999999904787e+00	2.661629856540100869e-01
-3.249999999999904077e+00	4.235781996202677702e-01
-3.199999999999903366e+00	5.285453016228147671e-01
-3.149999999999902656e+00	5.783017174195093091e-01
-3.099999999999901945e+00	5.715222823705022881e-01
-3.049999999999901235e+00	5.083394577910173018e-01
-2.999999999999900524e+00	3.903272943991555333e-01
-2.949999999999899813e+00	2.204445705462953486e-01
-2.899999999999899103e+00	2.948600943477291958e-03
-2.849999999999898392e+00	-2.567313381984778764e-01
-2.799999999999897682e+00	-5.521437258816688232e-01
-2.749999999999896971e+00	-8.760009512126120113e-01
-2.699999999999896261e+00	-1.220394215816873018e+00
-2.649999999999895550e+00	-1.577034452031589318e+00
-2.599999999999894840e+00	-1.937516688590800618e+00
-2.549999999999894129e+00	-2.293600928801181826e+00
-2.499999999999893419e+00	-2.637498465105079237e+00
-2.449999999999892708e+00	-2.962151441517065997e+00
-2.399999999999891998e+00	-3.261491678486227119e+00
-2.349999999999891287e+00	-3.530660749561357115e+00
-2.299999999999890576e+00	-3.766177232700266497e+00
-2.249999999999889866e+00	-3.966039744654390020e+00
-2.199999999999889155e+00	-4.129750769551709944e+00
-2.149999999999888445e+00	-4.258263873502146524e+00
-2.099999999999887734e+00	-4.353846460711951138e+00
-2.049999999999887024e+00	-4.419871625616619504e+00
-1.999999999999886313e+00	-4.460545289908850464e+00
-1.949999999999885603e+00	-4.480588851131866335e+00
-1.899999999999884892e+00	-4.484895663625992235e+00
-1.849999999999884182e+00	-4.478180267147524596e+00
-1.799999999999883471e+00	-4.464649345256145097e+00
-1.749999999999882760e+00	-4.447706682397472022e+00
-1.699999999999882050e+00	-4.429719087337698369e+00
-1.649999999999881339e+00	-4.411852447082806883e+00
-1.599999999999880629e+00	-4.393990738227275372e+00
-1.549999999999879918e+00	-4.374743132218542385e+00
-1.499999999999879208e+00	-4.351538067776864693e+00
-1.449999999999878497e+00	-4.320800122064709647e+00
-1.399999999999877787e+00	-4.278198111395312253e+00
-1.349999999999877076e+00	-4.218949669818703896e+00
-1.299999999999876366e+00	-4.138163244225617099e+00
-1.249999999999875655e+00	-4.031196835420503000e+00
-1.199999999999874944e+00	-3.894010379849172754e+00
-1.149999999999874234e+00	-3.723491394326656767e+00
-1.099999999999873523e+00	-3.517728576464325130e+00
-1.049999999999872813e+00	-3.276222470671557918e+00
-9.999999999998721023e-01	-3.000013292948241705e+00
-9.499999999998713918e-01	-2.691721542932679512e+00
-8.999999999998706812e-01	-2.355498426639366372e+00
-8.499999999998699707e-01	-1.996889475735174058e+00
-7.999999999998692601e-01	-1.622617803968107619e+00
-7.499999999998685496e-01	-1.240309254712603115e+00
-6.999999999998678391e-01	-8.581688256822399552e-01
-6.499999999998671285e-01	-4.846350085515402917e-01
-5.999999999998664180e-01	-1.280304673187686593e-01
-5.499999999998657074e-01	2.037658619963520490e-01
-4.999999999998649969e-01	5.036135878312901770e-01
-4.499999999998642863e-01	7.653524686999143567e-01
-3.999999999998635758e-01	9.839818785991227834e-01
-3.499999999998628653e-01	1.155776592395671987e+00
-2.999999999998621547e-01	1.278335240282026053e+00
-2.499999999998614442e-01	1.350567747960758291e+00
-1.999999999998607336e-01	1.372634143414633856e+00
-1.499999999998600231e-01	1.345841467882147313e+00
-9.999999999985931254e-02	1.272516011424146942e+00
-4.999999999985860200e-02	1.155862522599690800e+00
1.421085471520200372e-13	9.998229702013107234e-01
5.000000000014281909e-02	8.089444568846971828e-01
1.000000000001435296e-01	5.882627745042108280e-01
1.500000000001442402e-01	3.432055117370699238e-01
2.000000000001449507e-01	7.951178524781199464e-02
2.500000000001456613e-01	-1.968349294501732238e-01
3.000000000001463718e-01	-4.796643339893624791e-01
3.500000000001470823e-01	-7.626790301853494380e-01
4.000000000001477929e-01	-1.039525470207949720e+00
4.500000000001485034e-01	-1.303877028355221679e+00
5.000000000001492140e-01	-1.549541747582892981e+00
5.500000000001499245e-01	-1.770592416023329951e+00
6.000000000001506351e-01	-1.961517613950195971e+00
6.500000000001513456e-01	-2.117390649704844918e+00
7.000000000001520561e-01	-2.234044861321644149e+00
7.500000000001527667e-01	-2.308245280277409606e+00
8.000000000001534772e-01	-2.337841708448336941e+00
8.500000000001541878e-01	-2.321892806822731359e+00
9.000000000001548983e-01	-2.260743170192899942e+00
9.500000000001556089e-01	-2.156048007127364663e+00
1.000000000000156319e+00	-2.010735977844806399e+00
1.050000000000157030e+00	-1.828906702792747474e+00
1.100000000000157740e+00	-1.615669138969726415e+00
1.150000000000158451e+00	-1.376921553455434655e+00
1.200000000000159162e+00	-1.119093983986484853e+00
1.250000000000159872e+00	-8.488576274909525043e-01
1.300000000000160583e+00	-5.728276411483548269e-01
1.350000000000161293e+00	-2.972727253752490695e-01
1.400000000000162004e+00	-2.785065560091903869e-02
1.450000000000162714e+00	2.306139808382855483e-01
1.500000000000163425e+00	4.742989037181621903e-01
1.550000000000164135e+00	7.004883770334583426e-01
1.600000000000164846e+00	9.076139950453072647e-01
1.650000000000165556e+00	1.095226340736479287e+00
1.700000000000166267e+00	1.263909996143220749e+00
1.750000000000166978e+00	1.415144838587124809e+00
1.800000000000167688e+00	1.551127965246868579e+00
1.850000000000168399e+00	1.674572333514110722e+00
1.900000000000169109e+00	1.788490479993243287e+00
1.950000000000169820e+00	1.895983220428074878e+00
2.000000000000170530e+00	2.000039100249153101e+00
2.050000000000171241e+00	2.103362659379139465e+00
2.100000000000171951e+00	2.208229519258858797e+00
2.150000000000172662e+00	2.316385304970326242e+00
2.200000000000173372e+00	2.428976883503755957e+00
2.250000000000174083e+00	2.546525955304823619e+00
2.300000000000174794e+00	2.668939743647521290e+00
2.350000000000175504e+00	2.795552944723075139e+00
2.400000000000176215e+00	2.925192748080881699e+00
2.450000000000176925e+00	3.056269257158771957e+00
2.500000000000177636e+00	3.186872536767769937e+00
2.550000000000178346e+00	3.314877853212730319e+00
2.600000000000179057e+00	3.438044509732764986e+00
2.650000000000179767e+00	3.554110299203546930e+00
2.700000000000180478e+00	3.660867840486944136e+00
2.750000000000181188e+00	3.756220940894731797e+00
2.800000000000181899e+00	3.838228416628084005e+00
2.850000000000182609e+00	3.905119855118893035e+00
2.900000000000183320e+00	3.955299681499667930e+00
2.950000000000184031e+00	3.987340806576110896e+00
3.000000000000184741e+00	3.999970599246880809e+00
3.050000000000185452e+00	3.992062456200002440e+00
3.100000000000186162e+00	3.962638640949812441e+00
3.150000000000186873e+00	3.910891058031490619e+00
3.200000000000187583e+00	3.836224782820278900e+00
3.250000000000188294e+00	3.738326060141769602e+00
3.300000000000189004e+00	3.617249424309104899e+00
3.350000000000189715e+00	3.473525939562196463e+00
3.400000000000190425e+00	3.308268171289554083e+00
3.450000000000191136e+00	3.123276150568336185e+00
3.500000000000191847e+00	2.921114703511385358e+00
3.550000000000192557e+00	2.705161452498083818e+00
3.600000000000193268e+00	2.479602614598502175e+00
3.650000000000193978e+00	2.249375428570355329e+00
3.700000000000194689e+00	2.020050371858612248e+00
3.750000000000195399e+00	1.797650295603971937e+00
3.800000000000196110e+00	1.588422200977958720e+00
3.850000000000196820e+00	1.398560848426861458e+00
3.900000000000197531e+00	1.233908528226144385e+00
3.950000000000198241e+00	1.099642987983695086e+00
4.000000000000198952e+00	9.999780119303273151e-01
4.050000000000199663e+00	9.378930899499491325e-01
4.100000000000200373e+00	9.149095694247878496e-01
4.150000000000201084e+00	9.309348600023937825e-01
4.200000000000201794e+00	9.841850291188003474e-01
4.250000000000202505e+00	1.071194520817574825e+00
4.300000000000203215e+00	1.186918941813562611e+00
4.350000000000203926e+00	1.324931604228447135e+00
4.400000000000204636e+00	1.477708047551803183e+00
4.450000000000205347e+00	1.636984226912411966e+00
4.500000000000206057e+00	1.794181943596732332e+00
4.550000000000206768e+00	1.940861473401076953e+00
4.600000000000207478e+00	2.069200219387306916e+00
4.650000000000208189e+00	2.172443581981056138e+00
4.700000000000208900e+00	2.245325600107920039e+00
4.750000000000209610e+00	2.284401697719904867e+00
4.800000000000210321e+00	2.288295788730986935e+00
4.850000000000211031e+00	2.257820427387229323e+00
4.900000000000211742e+00	2.195969581772757806e+00
4.950000000000212452e+00	2.107769242279908362e+00
5.000000000000213163e+00	2.000003269679191398e+00
5.050000000000213873e+00	1.880810760794886516e+00
5.100000000000214584e+00	1.759198705126648443e+00
5.150000000000215294e+00	1.644479313848526081e+00
5.200000000000216005e+00	1.545689227645388408e+00
5.250000000000216716e+00	1.471009588086413578e+00
5.300000000000217426e+00	1.427244176977816137e+00
5.350000000000218137e+00	1.419376174451540518e+00
5.400000000000218847e+00	1.450244317621970369e+00
5.450000000000219558e+00	1.520357775259296496e+00
5.500000000000220268e+00	1.627859249137149522e+00
5.550000000000220979e+00	1.768642147596664715e+00
5.600000000000221689e+00	1.936606231191499772e+00
5.650000000000222400e+00	2.124040196201684605e+00
5.700000000000223110e+00	2.322096088282035176e+00
5.750000000000223821e+00	2.521322489386099264e+00
5.800000000000224532e+00	2.712220822645679430e+00
5.850000000000225242e+00	2.885781612132798379e+00
5.900000000000225953e+00	3.033971693001910275e+00
5.950000000000226663e+00	3.150134200640875015e+00
6.000000000000227374e+00	3.229287325180868251e+00
6.050000000000228084e+00	3.268293813873752285e+00
6.100000000000228795e+00	3.265923896615454680e+00
6.150000000000229505e+00	3.222779023738998827e+00
6.200000000000230216e+00	3.141130352036733520e+00
6.250000000000230926e+00	3.024659730762792709e+00
6.300000000000231637e+00	2.878147756254595624e+00
6.350000000000232347e+00	2.707126719344358001e+00
6.400000000000233058e+00	2.517520983242407695e+00
6.450000000000233769e+00	2.315311643674376363e+00
6.500000000000234479e+00	2.106222170863112808e+00
6.550000000000235190e+00	1.895459656061630360e+00
6.600000000000235900e+00	1.687509577440219122e+00
6.650000000000236611e+00	1.485989802160097017e+00
6.700000000000237321e+00	1.293558939446525002e+00
6.750000000000238032e+00	1.111883680995544799e+00
6.800000000000238742e+00	9.416590916206826201e-01
6.850000000000239453e+00	7.826639458896604840e-01
6.900000000000240163e+00	6.338624601663095381e-01
6.950000000000240874e+00	4.935319059720371104e-01
7.000000000000241585e+00	3.594241389418916799e-01
7.050000000000242295e+00	2.289395036395519001e-01
7.100000000000243006e+00	9.933119620531861982e-02
7.150000000000243716e+00	-3.209491874927278277e-02
7.200000000000244427e+00	-1.677672422254077311e-01
7.250000000000245137e+00	-3.096501802632594114e-01
7.300000000000245848e+00	-4.590609337430525128e-01
7.350000000000246558e+00	-6.165209884398136220e-01
7.400000000000247269e+00	-7.816522031866460773e-01
7.450000000000247979e+00	-9.531280657348116803e-01
7.500000000000248690e+00	-1.128683606739811385e+00
7.550000000000249401e+00	-1.305201415108134144e+00
7.600000000000250111e+00	-1.478854274606356656e+00
7.650000000000250822e+00	-1.645308229024347479e+00
7.700000000000251532e+00	-1.799973368912560545e+00
7.750000000000252243e+00	-1.938270448668153900e+00
7.800000000000252953e+00	-2.055912036183980884e+00
7.850000000000253664e+00	-2.149151751068437921e+00
7.900000000000254374e+00	-2.215004856223425911e+00
7.950000000000255085e+00	-2.251392077375461209e+00
8.000000000000255795e+00	-2.257224770919477042e+00
8.050000000000256506e+00	-2.232394551024480034e+00
8.100000000000257216e+00	-2.177700924565766361e+00
8.150000000000257927e+00	-2.094694231044852195e+00
8.200000000000258638e+00	-1.985478732505705501e+00
8.250000000000259348e+00	-1.852479008456700660e+00
8.300000000000260059e+00	-1.698203109400182598e+00
8.350000000000260769e+00	-1.525022677635861301e+00
8.400000000000261480e+00	-1.334993865135493119e+00
8.450000000000262190e+00	-1.129737017676286426e+00
8.500000000000262901e+00	-9.103801716946122724e-01
8.550000000000263611e+00	-6.775761774467846665e-01
8.600000000000264322e+00	-4.315803302188523927e-01
8.650000000000265032e+00	-1.723861721812166292e-01
8.700000000000265743e+00	1.001055109806362059e-01
8.750000000000266454e+00	3.858948770453868304e-01
8.800000000000267164e+00	6.847051515274852340e-01
8.850000000000267875e+00	9.958085681246272580e-01
8.900000000000268585e+00	1.317898822872143549e+00
8.950000000000269296e+00	1.649004712075495815e+00
9.000000000000270006e+00	1.986442616476164158e+00
9.050000000000270717e+00	2.326822753950753331e+00
9.100000000000271427e+00	2.666091132389785567e+00
9.150000000000272138e+00	2.999597414315670285e+00
9.200000000000272848e+00	3.322192579119404687e+00
9.250000000000273559e+00	3.628333012202485275e+00
9.300000000000274269e+00	3.912196141893715229e+00
9.350000000000274980e+00	4.167805092759716779e+00
9.400000000000275691e+00	4.389164395810563057e+00
9.450000000000276401e+00	4.570398150058645470e+00
9.500000000000277112e+00	4.705925469192703048e+00
9.550000000000277822e+00	4.790648008026463955e+00
9.600000000000278533e+00	4.820165210896667496e+00
9.650000000000279243e+00	4.791023056078135056e+00
9.700000000000279954e+00	4.700962916557767102e+00
9.750000000000280664e+00	4.549182093700352425e+00
9.800000000000281375e+00	4.336572140919930263e+00
9.850000000000282085e+00	4.065908033194127746e+00
9.900000000000282796e+00	3.741971357448401481e+00
9.950000000000283507e+00	3.371581959519341698e+00
