X	y
-1.000000000000000000e+01	3.564860585207265675e+00
-9.949999999999999289e+00	3.574275279552293849e+00
-9.899999999999998579e+00	3.582821968306210803e+00
-9.849999999999997868e+00	3.590452447628337929e+00
-9.799999999999997158e+00	3.597112145782128234e+00
-9.749999999999996447e+00	3.602750937173833989e+00
-9.699999999999995737e+00	3.607318389211279008e+00
-9.649999999999995026e+00	3.610767650211994528e+00
-9.599999999999994316e+00	3.613051226013490602e+00
-9.549999999999993605e+00	3.614126531694665800e+00
-9.499999999999992895e+00	3.613949758785809596e+00
-9.449999999999992184e+00	3.612480544465954235e+00
-9.399999999999991473e+00	3.609683853457005043e+00
-9.349999999999990763e+00	3.605519657311837101e+00
-9.299999999999990052e+00	3.599957164298232204e+00
-9.249999999999989342e+00	3.592964185114286835e+00
-9.199999999999988631e+00	3.584513142585472600e+00
-9.149999999999987921e+00	3.574576892196581035e+00
-9.099999999999987210e+00	3.563131688040942269e+00
-9.049999999999986500e+00	3.550157315894288956e+00
-8.999999999999985789e+00	3.535634370081884637e+00
-8.949999999999985079e+00	3.519548308634063538e+00
-8.899999999999984368e+00	3.501885007989223642e+00
-8.849999999999983658e+00	3.482634171431452597e+00
-8.799999999999982947e+00	3.461788178035726915e+00
-8.749999999999982236e+00	3.439342320679712905e+00
-8.699999999999981526e+00	3.415294429163697298e+00
-8.649999999999980815e+00	3.389645542637890419e+00
-8.599999999999980105e+00	3.362396664436011040e+00
-8.549999999999979394e+00	3.333557605681985336e+00
-8.499999999999978684e+00	3.303133821143178661e+00
-8.449999999999977973e+00	3.271138150492590935e+00
-8.399999999999977263e+00	3.237583528186155135e+00
-8.349999999999976552e+00	3.202487809049133993e+00
-8.299999999999975842e+00	3.165869393387231945e+00
-8.249999999999975131e+00	3.127749990242668865e+00
-8.199999999999974420e+00	3.088153250549318329e+00
-8.149999999999973710e+00	3.047106539759770971e+00
-8.099999999999972999e+00	3.004638483520960524e+00
-8.049999999999972289e+00	2.960779828742847730e+00
-7.999999999999971578e+00	2.915564587619549730e+00
-7.949999999999970868e+00	2.869026902613319052e+00
-7.899999999999970157e+00	2.821205052443179095e+00
-7.849999999999969447e+00	2.772138903540318999e+00
-7.799999999999968736e+00	2.721868556142396756e+00
-7.749999999999968026e+00	2.670438727941220058e+00
-7.699999999999967315e+00	2.617892660696690132e+00
-7.649999999999966604e+00	2.564277583310456077e+00
-7.599999999999965894e+00	2.509641021898705748e+00
-7.549999999999965183e+00	2.454032452822125343e+00
-7.499999999999964473e+00	2.397502582988103370e+00
-7.449999999999963762e+00	2.340103364582735601e+00
-7.399999999999963052e+00	2.281886457857086548e+00
-7.349999999999962341e+00	2.222905865757380806e+00
-7.299999999999961631e+00	2.163217895035477234e+00
-7.249999999999960920e+00	2.102876599893382714e+00
-7.199999999999960210e+00	2.041938513310915582e+00
-7.149999999999959499e+00	1.980459669024250191e+00
-7.099999999999958789e+00	1.918498179900223644e+00
-7.049999999999958078e+00	1.856111062606049744e+00
-6.999999999999957367e+00	1.793355184952554415e+00
-6.949999999999956657e+00	1.730289498948193838e+00
-6.899999999999955946e+00	1.666971353016229340e+00
-6.849999999999955236e+00	1.603458311604793796e+00
-6.799999999999954525e+00	1.539807145677764222e+00
-6.749999999999953815e+00	1.476076047234534006e+00
-6.699999999999953104e+00	1.412321842201624156e+00
-6.649999999999952394e+00	1.348599706709080470e+00
-6.599999999999951683e+00	1.284967126409443106e+00
-6.549999999999950973e+00	1.221477436292938368e+00
-6.499999999999950262e+00	1.158185698719449874e+00
-6.449999999999949551e+00	1.095145019849596446e+00
-6.399999999999948841e+00	1.032408177922100823e+00
-6.349999999999948130e+00	9.700274206219267059e-01
-6.299999999999947420e+00	9.080518991826376229e-01
-6.249999999999946709e+00	8.465313814597158482e-01
-6.199999999999945999e+00	7.855137163229979347e-01
-6.149999999999945288e+00	7.250464172836168508e-01
-6.099999999999944578e+00	6.651742482263738321e-01
-6.049999999999943867e+00	6.059416204943122164e-01
-5.999999999999943157e+00	5.473902902085783229e-01
-5.949999999999942446e+00	4.895624342508237969e-01
-5.899999999999941735e+00	4.324972570363557756e-01
-5.849999999999941025e+00	3.762322930587641556e-01
-5.799999999999940314e+00	3.208043016183054208e-01
-5.749999999999939604e+00	2.662476130414916931e-01
-5.699999999999938893e+00	2.125958067575108856e-01
-5.649999999999938183e+00	1.598794758422074080e-01
-5.599999999999937472e+00	1.081285836949433810e-01
-5.549999999999936762e+00	5.736992862577217078e-02
-5.499999999999936051e+00	7.631462683694856253e-03
-5.449999999999935341e+00	-4.106515615269956676e-02
-5.399999999999934630e+00	-8.869576532793854717e-02
-5.349999999999933920e+00	-1.352397860651985972e-01
-5.299999999999933209e+00	-1.806782219363208819e-01
-5.249999999999932498e+00	-2.249949137404172461e-01
-5.199999999999931788e+00	-2.681740521276723133e-01
-5.149999999999931077e+00	-3.102020158275126116e-01
-5.099999999999930367e+00	-3.510670564403444160e-01
-5.049999999999929656e+00	-3.907597740438878420e-01
-4.999999999999928946e+00	-4.292709221793069574e-01
-4.949999999999928235e+00	-4.665947750551724393e-01
-4.899999999999927525e+00	-5.027262570798072261e-01
-4.849999999999926814e+00	-5.376617684828115529e-01
-4.799999999999926104e+00	-5.713995905912487849e-01
-4.749999999999925393e+00	-6.039400074187684098e-01
-4.699999999999924682e+00	-6.352847998260789941e-01
-4.649999999999923972e+00	-6.654359475512732214e-01
-4.599999999999923261e+00	-6.943988908534257654e-01
-4.549999999999922551e+00	-7.221789291575371195e-01
-4.499999999999921840e+00	-7.487845629366762790e-01
-4.449999999999921130e+00	-7.742235444231277963e-01
-4.399999999999920419e+00	-7.985052774031549117e-01
-4.349999999999919709e+00	-8.216425619012556192e-01
-4.299999999999918998e+00	-8.436472760267300641e-01
-4.249999999999918288e+00	-8.645319378124014520e-01
-4.199999999999917577e+00	-8.843126276205091063e-01
-4.149999999999916866e+00	-9.030044529745876458e-01
-4.099999999999916156e+00	-9.206244057177115359e-01
-4.049999999999915445e+00	-9.371905653918357615e-01
-3.999999999999914735e+00	-9.527205029851899543e-01
-3.949999999999914024e+00	-9.672337085272839641e-01
-3.899999999999913314e+00	-9.807514406301125476e-01
-3.849999999999912603e+00	-9.932935205759281239e-01
-3.799999999999911893e+00	-1.004881758778683576e+00
-3.749999999999911182e+00	-1.015538041978302886e+00
-3.699999999999910472e+00	-1.025284864070286961e+00
-3.649999999999909761e+00	-1.034145206734559341e+00
-3.599999999999909051e+00	-1.042142824140350532e+00
-3.549999999999908340e+00	-1.049300624290516293e+00
-3.499999999999907629e+00	-1.055643312657649213e+00
-3.449999999999906919e+00	-1.061194369361648793e+00
-3.399999999999906208e+00	-1.065977935552156808e+00
-3.349999999999905498e+00	-1.070019029185832249e+00
-3.299999999999904787e+00	-1.073341317184149046e+00
-3.249999999999904077e+00	-1.075969549184128571e+00
-3.199999999999903366e+00	-1.077926750501388753e+00
-3.149999999999902656e+00	-1.079237445739980483e+00
-3.099999999999901945e+00	-1.079925555369919188e+00
-3.049999999999901235e+00	-1.080013647733502280e+00
-2.999999999999900524e+00	-1.079524906704308673e+00
-2.949999999999899813e+00	-1.078482127803816359e+00
-2.899999999999899103e+00	-1.076906468044695586e+00
-2.849999999999898392e+00	-1.074820099020750597e+00
-2.799999999999897682e+00	-1.072243961570592763e+00
-2.749999999999896971e+00	-1.069196479032464175e+00
-2.699999999999896261e+00	-1.065699784819995610e+00
-2.649999999999895550e+00	-1.061770464928144975e+00
-2.599999999999894840e+00	-1.057427117763478419e+00
-2.549999999999894129e+00	-1.052687160136483335e+00
-2.499999999999893419e+00	-1.047565845739506951e+00
-2.449999999999892708e+00	-1.042079192178468450e+00
-2.399999999999891998e+00	-1.036240768280566549e+00
-2.349999999999891287e+00	-1.030065131285863744e+00
-2.299999999999890576e+00	-1.023563551225397550e+00
-2.249999999999889866e+00	-1.016747305002388746e+00
-2.199999999999889155e+00	-1.009626900112248649e+00
-2.149999999999888445e+00	-1.002211508550451047e+00
-2.099999999999887734e+00	-9.945087180621221545e-01
-2.049999999999887024e+00	-9.865261830888389927e-01
-1.999999999999886313e+00	-9.782689904194570296e-01
-1.949999999999885603e+00	-9.697424130064096204e-01
-1.899999999999884892e+00	-9.609496616595503138e-01
-1.849999999999884182e+00	-9.518935978243078244e-01
-1.799999999999883471e+00	-9.425758472458771742e-01
-1.749999999999882760e+00	-9.329959664532414543e-01
-1.699999999999882050e+00	-9.231535029651474211e-01
-1.649999999999881339e+00	-9.130468482511318040e-01
-1.599999999999880629e+00	-9.026726557214084234e-01
-1.549999999999879918e+00	-8.920283937163459020e-01
-1.499999999999879208e+00	-8.811082872914798303e-01
-1.449999999999878497e+00	-8.699067823723279913e-01
-1.399999999999877787e+00	-8.584177813052304984e-01
-1.349999999999877076e+00	-8.466332825449109922e-01
-1.299999999999876366e+00	-8.345452882579782461e-01
-1.249999999999875655e+00	-8.221453354992647178e-01
-1.199999999999874944e+00	-8.094231739352941712e-01
-1.149999999999874234e+00	-7.963686757119512460e-01
-1.099999999999873523e+00	-7.829710272396118720e-01
-1.049999999999872813e+00	-7.692187485226997801e-01
-9.999999999998721023e-01	-7.551007746208189264e-01
-9.499999999998713918e-01	-7.406033153661409907e-01
-8.999999999998706812e-01	-7.257147706822528743e-01
-8.499999999998699707e-01	-7.104227337228101735e-01
-7.999999999998692601e-01	-6.947134721419223613e-01
-7.499999999998685496e-01	-6.785736222980840449e-01
-6.999999999998678391e-01	-6.619907953871349005e-01
-6.499999999998671285e-01	-6.449511318508727165e-01
-5.999999999998664180e-01	-6.274418368976673044e-01
-5.499999999998657074e-01	-6.094499492492357895e-01
-4.999999999998649969e-01	-5.909623501932386169e-01
-4.499999999998642863e-01	-5.719664755736658668e-01
-3.999999999998635758e-01	-5.524508744744137667e-01
-3.499999999998628653e-01	-5.324038097990038132e-01
-2.999999999998621547e-01	-5.118136305328296887e-01
-2.499999999998614442e-01	-4.906699909327844611e-01
-1.999999999998607336e-01	-4.689629142722348543e-01
-1.499999999998600231e-01	-4.466828660535731577e-01
-9.999999999985931254e-02	-4.238212245976352710e-01
-4.999999999985860200e-02	-4.003701778374373355e-01
1.421085471520200372e-13	-3.763225878392750801e-01
5.000000000014281909e-02	-3.516731599249245943e-01
1.000000000001435296e-01	-3.264157720133571416e-01
1.500000000001442402e-01	-3.005461880915888395e-01
2.000000000001449507e-01	-2.740619163799914437e-01
2.500000000001456613e-01	-2.469598407673780083e-01
3.000000000001463718e-01	-2.192392405364110841e-01
3.500000000001470823e-01	-1.909008712395572349e-01
4.000000000001477929e-01	-1.619441399200514109e-01
4.500000000001485034e-01	-1.323725397656355107e-01
5.000000000001492140e-01	-1.021889899979896432e-01
5.500000000001499245e-01	-7.139737683640678956e-02
6.000000000001506351e-01	-4.000420439977592224e-02
6.500000000001513456e-01	-8.015255086732842038e-03
7.000000000001520561e-01	2.456046888426222097e-02
7.500000000001527667e-01	5.771449424721297738e-02
8.000000000001534772e-01	9.143696596430217483e-02
8.500000000001541878e-01	1.257161673430921001e-01
9.000000000001548983e-01	1.605397383256496058e-01
9.500000000001556089e-01	1.958943687125598299e-01
1.000000000000156319e+00	2.317657217420180382e-01
1.050000000000157030e+00	2.681386884517533709e-01
1.100000000000157740e+00	3.049957493719612778e-01
1.150000000000158451e+00	3.423199756379312619e-01
1.200000000000159162e+00	3.800931969884796535e-01
1.250000000000159872e+00	4.182961518914374288e-01
1.300000000000160583e+00	4.569089914684653086e-01
1.350000000000161293e+00	4.959107836115193013e-01
1.400000000000162004e+00	5.352803826148274657e-01
1.450000000000162714e+00	5.749945555186767310e-01
1.500000000000163425e+00	6.150314780797057068e-01
1.550000000000164135e+00	6.553678816439738597e-01
1.600000000000164846e+00	6.959788858289139846e-01
1.650000000000165556e+00	7.368408276591703610e-01
1.700000000000166267e+00	7.779282776332543392e-01
1.750000000000166978e+00	8.192172979477700956e-01
1.800000000000167688e+00	8.606809808757872604e-01
1.850000000000168399e+00	9.022936340524904120e-01
1.900000000000169109e+00	9.440297532294481542e-01
1.950000000000169820e+00	9.858635718242757529e-01
2.000000000000170530e+00	1.027768018742462264e+00
2.050000000000171241e+00	1.069717523517331959e+00
2.100000000000171951e+00	1.111684339622134310e+00
2.150000000000172662e+00	1.153644014878633550e+00
2.200000000000173372e+00	1.195569047137127860e+00
2.250000000000174083e+00	1.237433398028242815e+00
2.300000000000174794e+00	1.279211981413790999e+00
2.350000000000175504e+00	1.320878202656059042e+00
2.400000000000176215e+00	1.362406636463409759e+00
2.450000000000176925e+00	1.403772785045520388e+00
2.500000000000177636e+00	1.444951061839647499e+00
2.550000000000178346e+00	1.485917197457657490e+00
2.600000000000179057e+00	1.526646887181972723e+00
2.650000000000179767e+00	1.567116452462268272e+00
2.700000000000180478e+00	1.607302974183944189e+00
2.750000000000181188e+00	1.647183025145073199e+00
2.800000000000181899e+00	1.686734658965224121e+00
2.850000000000182609e+00	1.725935968873600235e+00
2.900000000000183320e+00	1.764765477077064881e+00
2.950000000000184031e+00	1.803202028992129780e+00
3.000000000000184741e+00	1.841226056547703216e+00
3.050000000000185452e+00	1.878817666564051914e+00
3.100000000000186162e+00	1.915957021359526946e+00
3.150000000000186873e+00	1.952626977349457116e+00
3.200000000000187583e+00	1.988808740787971097e+00
3.250000000000188294e+00	2.024484886934593941e+00
3.300000000000189004e+00	2.059638499296385650e+00
3.350000000000189715e+00	2.094254625305556061e+00
3.400000000000190425e+00	2.128316132225352764e+00
3.450000000000191136e+00	2.161809619078135292e+00
3.500000000000191847e+00	2.194719999127848098e+00
3.550000000000192557e+00	2.227034018855100772e+00
3.600000000000193268e+00	2.258738156826272103e+00
3.650000000000193978e+00	2.289820429393689682e+00
3.700000000000194689e+00	2.320269008079165918e+00
3.750000000000195399e+00	2.350071771506472285e+00
3.800000000000196110e+00	2.379219699177828495e+00
3.850000000000196820e+00	2.407702256362933557e+00
3.900000000000197531e+00	2.435509545495178951e+00
3.950000000000198241e+00	2.462633485880680873e+00
4.000000000000198952e+00	2.489065883965492887e+00
4.050000000000199663e+00	2.514798867854874054e+00
4.100000000000200373e+00	2.539826002932417559e+00
4.150000000000201084e+00	2.564140914916555491e+00
4.200000000000201794e+00	2.587737652465262883e+00
4.250000000000202505e+00	2.610611862435347597e+00
4.300000000000203215e+00	2.632758675386224212e+00
4.350000000000203926e+00	2.654174227107203077e+00
4.400000000000204636e+00	2.674855308423757183e+00
4.450000000000205347e+00	2.694800258627525480e+00
4.500000000000206057e+00	2.714005750284961493e+00
4.550000000000206768e+00	2.732471412215191187e+00
4.600000000000207478e+00	2.750196352636229413e+00
4.650000000000208189e+00	2.767180626145111066e+00
4.700000000000208900e+00	2.783424505634770618e+00
4.750000000000209610e+00	2.798929706818901852e+00
4.800000000000210321e+00	2.813698091491132480e+00
4.850000000000211031e+00	2.827731607536448699e+00
4.900000000000211742e+00	2.841034024601745145e+00
4.950000000000212452e+00	2.853608475494228358e+00
5.000000000000213163e+00	2.865460595328027438e+00
5.050000000000213873e+00	2.876594864701189636e+00
5.100000000000214584e+00	2.887016170659379988e+00
5.150000000000215294e+00	2.896732914144424686e+00
5.200000000000216005e+00	2.905750203458186576e+00
5.250000000000216716e+00	2.914077000614516244e+00
5.300000000000217426e+00	2.921721082685598159e+00
5.350000000000218137e+00	2.928691933654000490e+00
5.400000000000218847e+00	2.934998532315853836e+00
5.450000000000219558e+00	2.940651681814455465e+00
5.500000000000220268e+00	2.945662252209913845e+00
5.550000000000220979e+00	2.950042096656452006e+00
5.600000000000221689e+00	2.953802496966867697e+00
5.650000000000222400e+00	2.956956317488024233e+00
5.700000000000223110e+00	2.959517623495333094e+00
5.750000000000223821e+00	2.961498934075440737e+00
5.800000000000224532e+00	2.962915631263961735e+00
5.850000000000225242e+00	2.963782127990670645e+00
5.900000000000225953e+00	2.964114032419748135e+00
5.950000000000226663e+00	2.963927369608598372e+00
6.000000000000227374e+00	2.963237728826396022e+00
6.050000000000228084e+00	2.962062843842520721e+00
6.100000000000228795e+00	2.960418637194562219e+00
6.150000000000229505e+00	2.958323955280880213e+00
6.200000000000230216e+00	2.955795328175999437e+00
6.250000000000230926e+00	2.952851491679494345e+00
6.300000000000231637e+00	2.949511957865641687e+00
6.350000000000232347e+00	2.945793088390520786e+00
6.400000000000233058e+00	2.941715311880985340e+00
6.450000000000233769e+00	2.937297618734955762e+00
6.500000000000234479e+00	2.932558333803784834e+00
6.550000000000235190e+00	2.927517713487579165e+00
6.600000000000235900e+00	2.922193878160967095e+00
6.650000000000236611e+00	2.916606858106782774e+00
6.700000000000237321e+00	2.910775703150911831e+00
6.750000000000238032e+00	2.904720530471328388e+00
6.800000000000238742e+00	2.898458724455738711e+00
6.850000000000239453e+00	2.892010680443153792e+00
6.900000000000240163e+00	2.885394300370634380e+00
6.950000000000240874e+00	2.878628366614815359e+00
7.000000000000241585e+00	2.871730818398750440e+00
7.050000000000242295e+00	2.864720001933363847e+00
7.100000000000243006e+00	2.857613158719104263e+00
7.150000000000243716e+00	2.850428378119224337e+00
7.200000000000244427e+00	2.843181093036981633e+00
7.250000000000245137e+00	2.835888443463192132e+00
7.300000000000245848e+00	2.828566126127033620e+00
7.350000000000246558e+00	2.821229402662700281e+00
7.400000000000247269e+00	2.813893635747144018e+00
7.450000000000247979e+00	2.806572041504452386e+00
7.500000000000248690e+00	2.799278798863817919e+00
7.550000000000249401e+00	2.792027404133103019e+00
7.600000000000250111e+00	2.784829248379640632e+00
7.650000000000250822e+00	2.777696612232054107e+00
7.700000000000251532e+00	2.770641133776525322e+00
7.750000000000252243e+00	2.763672570484923874e+00
7.800000000000252953e+00	2.756801147273511887e+00
7.850000000000253664e+00	2.750035242088139320e+00
7.900000000000254374e+00	2.743383914733803053e+00
7.950000000000255085e+00	2.736854966500862574e+00
8.000000000000255795e+00	2.730454798485684176e+00
8.050000000000256506e+00	2.724190502825124316e+00
8.100000000000257216e+00	2.718067377339498769e+00
8.150000000000257927e+00	2.712090562843424202e+00
8.200000000000258638e+00	2.706264449161011498e+00
8.250000000000259348e+00	2.700592993901245631e+00
8.300000000000260059e+00	2.695079266680082242e+00
8.350000000000260769e+00	2.689725646841733209e+00
8.400000000000261480e+00	2.684535448981022920e+00
8.450000000000262190e+00	2.679508384432161883e+00
8.500000000000262901e+00	2.674646728463194290e+00
8.550000000000263611e+00	2.669950726746107783e+00
8.600000000000264322e+00	2.665421145010815618e+00
8.650000000000265032e+00	2.661056666821586258e+00
8.700000000000265743e+00	2.656857877462269535e+00
8.750000000000266454e+00	2.652822773240833598e+00
8.800000000000267164e+00	2.648951355730223334e+00
8.850000000000267875e+00	2.645240791958467064e+00
8.900000000000268585e+00	2.641690720785094371e+00
8.950000000000269296e+00	2.638298805049570372e+00
9.000000000000270006e+00	2.635063057448864043e+00
9.050000000000270717e+00	2.631981521396217882e+00
9.100000000000271427e+00	2.629051854927990650e+00
9.150000000000272138e+00	2.626272114105508315e+00
9.200000000000272848e+00	2.623640561034322083e+00
9.250000000000273559e+00	2.621154527725707784e+00
9.300000000000274269e+00	2.618812258566519890e+00
9.350000000000274980e+00	2.616612275091547257e+00
9.400000000000275691e+00	2.614552505187229148e+00
9.450000000000276401e+00	2.612631506982916463e+00
9.500000000000277112e+00	2.610847424317008780e+00
9.550000000000277822e+00	2.609199847226497671e+00
9.600000000000278533e+00	2.607687472455844091e+00
9.650000000000279243e+00	2.606310172014147053e+00
9.700000000000279954e+00	2.605066944201133605e+00
9.750000000000280664e+00	2.603958050599433527e+00
9.800000000000281375e+00	2.602983355732485293e+00
9.850000000000282085e+00	2.602143703904316929e+00
9.900000000000282796e+00	2.601439995370744107e+00
9.950000000000283507e+00	2.600872682652315859e+00
